entering.pdf is cosine bin -1 to 0 (entering sphere)
exiting.pdf  is cosine bin  0 to 1 (exiting  sphere)

Table of energy and direction:

1tally        1        nps =     1000000
           tally type 1    number of particles crossing a surface.
           tally for  neutrons 
 
 surface  1
 cosine bin:  -1.          to  0.00000E+00
      energy
    1.0000E-10   0.00000E+00 0.0000
    1.7557E-10   8.60890E-07 1.0000
    3.0824E-10   2.49773E-06 0.5780
    5.4117E-10   4.82218E-06 0.4101
    9.5012E-10   2.48534E-05 0.1789
    1.6681E-09   6.88581E-05 0.1061
    2.9286E-09   1.80607E-04 0.0664
    5.1418E-09   4.85822E-04 0.0404
    9.0273E-09   1.18353E-03 0.0260
    1.5849E-08   2.65908E-03 0.0174
    2.7826E-08   5.39931E-03 0.0122
    4.8853E-08   8.64838E-03 0.0097
    8.5770E-08   8.99338E-03 0.0096
    1.5058E-07   5.84678E-03 0.0120
    2.6438E-07   3.17145E-03 0.0166
    4.6416E-07   3.26836E-03 0.0165
    8.1491E-07   4.12371E-03 0.0147
    1.4307E-06   5.12009E-03 0.0132
    2.5119E-06   6.40537E-03 0.0118
    4.4101E-06   7.48115E-03 0.0109
    7.7426E-06   8.63979E-03 0.0101
    1.3594E-05   9.49308E-03 0.0096
    2.3866E-05   1.02808E-02 0.0093
    4.1901E-05   1.09828E-02 0.0090
    7.3564E-05   1.13087E-02 0.0088
    1.2915E-04   1.13996E-02 0.0088
    2.2675E-04   1.17495E-02 0.0087
    3.9811E-04   1.15033E-02 0.0087
    6.9895E-04   1.12506E-02 0.0088
    1.2271E-03   1.11707E-02 0.0089
    2.1544E-03   1.09781E-02 0.0089
    3.7825E-03   1.05273E-02 0.0091
    6.6408E-03   1.00489E-02 0.0093
    1.1659E-02   9.73645E-03 0.0095
    2.0470E-02   9.32924E-03 0.0097
    3.5938E-02   8.94149E-03 0.0099
    6.3096E-02   8.73190E-03 0.0100
    1.1078E-01   8.77276E-03 0.0100
    1.9449E-01   9.15712E-03 0.0098
    3.4145E-01   1.13031E-02 0.0088
    5.9948E-01   8.80270E-03 0.0100
    1.0525E+00   1.06506E-02 0.0090
    1.8478E+00   7.61817E-03 0.0106
    3.2442E+00   5.43114E-03 0.0125
    5.6958E+00   4.90828E-03 0.0130
    1.0000E+01   3.24328E-03 0.0155
    1.2000E+01   1.23648E-03 0.0254
    1.4000E+01   2.55256E-05 0.1800
    1.6000E+01   0.00000E+00 0.0000
    1.8000E+01   0.00000E+00 0.0000
    2.0000E+01   0.00000E+00 0.0000
      total      3.10291E-01 0.0019
 
 surface  1
 cosine bin:   0.00000E+00 to  1.00000E+00
      energy
    1.0000E-10   7.20972E-07 1.0000
    1.7557E-10   3.15585E-06 0.5035
    3.0824E-10   2.63546E-05 0.1736
    5.4117E-10   6.88555E-05 0.1072
    9.5012E-10   2.81125E-04 0.0536
    1.6681E-09   7.54476E-04 0.0324
    2.9286E-09   2.47001E-03 0.0179
    5.1418E-09   7.72335E-03 0.0102
    9.0273E-09   2.20861E-02 0.0060
    1.5849E-08   5.88074E-02 0.0037
    2.7826E-08   1.29772E-01 0.0025
    4.8853E-08   2.17745E-01 0.0019
    8.5770E-08   2.35567E-01 0.0019
    1.5058E-07   1.34339E-01 0.0025
    2.6438E-07   4.72491E-02 0.0043
    4.6416E-07   3.07368E-02 0.0054
    8.1491E-07   2.92454E-02 0.0055
    1.4307E-06   2.91695E-02 0.0056
    2.5119E-06   2.99019E-02 0.0055
    4.4101E-06   3.06248E-02 0.0054
    7.7426E-06   3.10953E-02 0.0054
    1.3594E-05   3.21047E-02 0.0053
    2.3866E-05   3.23762E-02 0.0053
    4.1901E-05   3.26661E-02 0.0052
    7.3564E-05   3.17333E-02 0.0053
    1.2915E-04   3.09042E-02 0.0054
    2.2675E-04   3.09802E-02 0.0054
    3.9811E-04   3.09472E-02 0.0054
    6.9895E-04   3.12291E-02 0.0053
    1.2271E-03   3.06352E-02 0.0054
    2.1544E-03   3.08941E-02 0.0054
    3.7825E-03   3.06274E-02 0.0054
    6.6408E-03   3.12062E-02 0.0053
    1.1659E-02   3.19792E-02 0.0053
    2.0470E-02   3.33127E-02 0.0052
    3.5938E-02   3.43323E-02 0.0051
    6.3096E-02   3.76470E-02 0.0049
    1.1078E-01   4.23494E-02 0.0046
    1.9449E-01   4.96532E-02 0.0043
    3.4145E-01   6.24131E-02 0.0038
    5.9948E-01   6.99500E-02 0.0036
    1.0525E+00   6.37600E-02 0.0038
    1.8478E+00   8.99501E-02 0.0031
    3.2442E+00   5.78936E-02 0.0039
    5.6958E+00   5.88816E-02 0.0039
    1.0000E+01   7.55455E-02 0.0035
    1.2000E+01   3.56089E-02 0.0051
    1.4000E+01   1.24053E-01 0.0026
    1.6000E+01   0.00000E+00 0.0000
    1.8000E+01   0.00000E+00 0.0000
    2.0000E+01   0.00000E+00 0.0000
      total      2.28130E+00 0.0005
