         1         1         1        16                     05/02/13 17:03:50 
         1
   6.0000       10.000       4.0000       0.0000      -1.0000       0.0000    
   2.0000       3.0000       2.0000       0.0000       2010.0       0.0000    
   200.00      -1.0000       0.0000       2.0000    
   0.0000       4.0000       100.00       1.0000       2.0000       200.00    
   1.0000    
   0.0000       4.0000       180.00       1.0000       2.0000       1999.0    
   1.0000       4.0000       2011.0       1.0000    
   0.0000       2.0000      0.50000       1.0000       2.0000       1.0000    
   1.0000    
   100.00    
  0.50000      0.17210      0.38821      0.23719       0.0000       0.0000    
  0.39735E-01  0.23584E-01  0.55194E-01  0.48540E-02   0.0000       0.0000    
  0.16837E-02  0.11713E-02  0.81420E-03  0.32584E-03   0.0000       0.0000    
  0.87827E-04  0.14169E-04  0.29480E-04  0.10204E-03   0.0000       0.0000    
  0.11535E-06  0.47017E-07  0.13079E-06  0.34015E-06   0.0000       0.0000    
  0.15631E-01   2.2824       2.4630       3.0558       0.0000       0.0000    
   0.0000       1.4011      0.13605      0.18928       0.0000       0.0000    
   0.0000       1.3950      0.13580      0.18874       0.0000       0.0000    
   0.0000       1.3968      0.14871      0.22945       0.0000       0.0000    
   0.0000       0.0000       0.0000      0.67138       0.0000       0.0000    
  0.10885      0.26484      0.67567E-01   4.0381       0.0000       0.0000    
  0.30058E-02  0.28973E-02  0.18796E-01  0.66693E-02   0.0000       0.0000    
  0.24727E-02  0.12173E-03  0.83411E-04  0.16585E-01   0.0000       0.0000    
  0.34285E-04  0.29300E-04  0.15019E-05  0.35645E-04   0.0000       0.0000    
  0.22704E-06  0.55687E-07  0.39104E-07  0.39658E-07   0.0000       0.0000    
  0.54273E-02  0.98397E-01  0.43555E-01  0.13932       0.0000       0.0000    
  0.78806E-01  0.43171      0.74439E-01  0.90764E-01   0.0000       0.0000    
  0.78645E-01  0.43159      0.88417E-01  0.93519E-01   0.0000       0.0000    
  0.78732E-01  0.52951      0.79204      0.37830       0.0000       0.0000    
  0.76459E-01  0.67444       1.5646      0.41125       0.0000       0.0000    
  0.32201E-01  0.70885       3.1508       1.9148       0.0000       0.0000    
  0.20041E-01  0.35129E-01  0.11925      0.60668       0.0000       0.0000    
  0.10753E-02  0.12768E-02  0.35735E-02  0.29250E-02   0.0000       0.0000    
  0.38023E-05  0.26606E-04  0.30279E-04  0.70280E-04   0.0000       0.0000    
  0.37615E-07  0.15469E-06  0.10856E-06  0.23439E-06   0.0000       0.0000    
  0.29688E-02  0.55244E-01  0.51817E-01  0.96394E-01   0.0000       0.0000    
  0.93475E-01  0.13174      0.13524      0.18595E-01   0.0000       0.0000    
  0.93473E-01  0.21338      0.13869      0.18574E-01   0.0000       0.0000    
  0.93590E-01   0.0000      0.25124      0.18644E-01   0.0000       0.0000    
  0.14590       0.0000      0.25042      0.39036       0.0000       0.0000    
  0.44505E-01  0.73002E-02   3.5890       120.38       0.0000       0.0000    
  0.19942E-01  0.11393E-02  0.91134E-01  0.61914       0.0000       0.0000    
  0.15569E-02  0.46227E-04  0.43036E-02  0.11122E-01   0.0000       0.0000    
  0.12034E-04  0.33592E-06  0.47890E-06  0.19500E-06   0.0000       0.0000    
  0.36933E-06  0.12470E-06  0.16034E-06  0.35513E-07   0.0000       0.0000    
  0.30435E-02  0.76248E-02  0.24815E-01  0.57612       0.0000       0.0000    
   0.0000      0.36413E-02  0.30494      0.22770       0.0000       0.0000    
   0.0000      0.46837E-02  0.33598      0.23597       0.0000       0.0000    
   0.0000      0.46704E-02  0.60379      0.48841       0.0000       0.0000    
   0.0000      0.46487E-02   0.0000       9.1238       0.0000       0.0000    
