         1         1         1        16                     05/02/13 17:05:40 
         1
   6.0000       10.000       4.0000       0.0000      -1.0000       0.0000    
   2.0000       3.0000       2.0000       0.0000       2010.0       0.0000    
   200.00      -1.0000       0.0000       2.0000    
   0.0000       4.0000       100.00       1.0000       2.0000       200.00    
   1.0000    
   0.0000       4.0000       180.00       1.0000       2.0000       1999.0    
   1.0000       4.0000       2011.0       1.0000    
   0.0000       2.0000      0.50000       1.0000       2.0000       1.0000    
   1.0000    
   100.00    
  0.50000      0.16455      0.78296       0.0000       0.0000       0.0000    
  0.12716E-01  0.14171E-01  0.10485E-01  0.94956       0.0000       0.0000    
  0.44111E-03  0.39889E-03  0.49794E-03  0.10336E-01   0.0000       0.0000    
  0.38333E-04  0.25604E-04  0.18467E-04  0.11314E-04   0.0000       0.0000    
  0.39260E-05  0.24364E-05  0.17833E-05  0.34392E-05   0.0000       0.0000    
   73.109       0.0000       0.0000       0.0000       0.0000       0.0000    
   10.417       0.0000       0.0000       0.0000       0.0000       0.0000    
   10.305       0.0000       0.0000       0.0000       0.0000       0.0000    
   10.324       0.0000       0.0000       0.0000       0.0000       0.0000    
  0.75536E+22   0.0000       0.0000       0.0000       0.0000       0.0000    
  0.27185      0.30772      0.62290       0.0000       0.0000       0.0000    
  0.15486E-01  0.26798E-01  0.39199E-01   20435.       0.0000       0.0000    
  0.56834E-03  0.12535E-02  0.10120E-02  0.72446E-02   0.0000       0.0000    
  0.26084E-04  0.31344E-04  0.28964E-04  0.18838E-04   0.0000       0.0000    
  0.26499E-05  0.31922E-05  0.27436E-05  0.23177E-04   0.0000       0.0000    
   30.070       0.0000       0.0000       0.0000       0.0000       0.0000    
   0.0000       0.0000       0.0000       0.0000       0.0000       0.0000    
   0.0000       0.0000       0.0000       0.0000       0.0000       0.0000    
   0.0000       0.0000       0.0000       0.0000       0.0000       0.0000    
   0.0000       0.0000       0.0000       0.0000       0.0000       0.0000    
  0.30573      0.38006      0.43476       0.0000       0.0000       0.0000    
  0.10607E-01  0.13626E-01  0.68715E-01  0.93935E-01   0.0000       0.0000    
  0.56782E-03  0.39533E-03  0.14246E-03  0.39593E-04   0.0000       0.0000    
  0.28968E-04  0.27124E-04  0.17213E-04  0.10583E-04   0.0000       0.0000    
  0.27239E-05  0.23724E-05  0.22676E-05  0.29369E-05   0.0000       0.0000    
  0.85006E+12  0.66699E+10  0.98228       1.1786       0.0000       0.0000    
   0.0000      0.15562E+10   0.0000      0.97157E-01   0.0000       0.0000    
   0.0000      0.14033E+10   0.0000      0.74759E-01   0.0000       0.0000    
   0.0000      0.13991E+10   0.0000      0.73368E-01   0.0000       0.0000    
   0.0000      0.13854E+10   0.0000       0.0000       0.0000       0.0000    
  0.66560      0.64914       0.0000       0.0000       0.0000       0.0000    
  0.21441E-01  0.26892E-01  0.78511E-01   0.0000       0.0000       0.0000    
  0.82411E-03  0.74925E-03  0.51755E-03  0.20596E-01   0.0000       0.0000    
  0.20365E-04  0.22163E-04  0.15955E-04  0.15070E-04   0.0000       0.0000    
  0.22445E-05  0.22164E-05  0.31019E-05  0.10680E-04   0.0000       0.0000    
   108.11       207.14      0.27586E+12   0.0000       0.0000       0.0000    
  0.21815E+12   0.0000      0.45046E+11   0.0000       0.0000       0.0000    
  0.21510E+12   0.0000      0.36764E+11   0.0000       0.0000       0.0000    
  0.21345E+12   0.0000      0.36656E+11   0.0000       0.0000       0.0000    
   0.0000       0.0000       0.0000       0.0000       0.0000       0.0000    
