         1         1         1        16                     05/02/13 17:08:37 
         1
   6.0000       10.000       4.0000       0.0000      -1.0000       0.0000    
   2.0000       3.0000       2.0000       0.0000       2010.0       0.0000    
   200.00      -1.0000       0.0000       2.0000    
   0.0000       4.0000       100.00       1.0000       2.0000       200.00    
   1.0000    
   0.0000       4.0000       180.00       1.0000       2.0000       1999.0    
   1.0000       4.0000       2011.0       1.0000    
   0.0000       2.0000      0.50000       1.0000       2.0000       1.0000    
   1.0000    
   100.00    
  0.50000      0.18774      0.86303       0.0000       0.0000       0.0000    
  0.16779E-01  0.14351E-01  0.53029E-01   1.6535       0.0000       0.0000    
  0.50641E-03  0.55749E-03  0.10543E-02  0.83134E-03   0.0000       0.0000    
  0.22766E-04  0.17511E-04  0.18929E-04  0.33880E-04   0.0000       0.0000    
  0.33813E-05  0.22622E-05  0.29594E-05  0.51331E-05   0.0000       0.0000    
  0.11806      0.72868      0.18591      0.38423       0.0000       0.0000    
   31.789       2.7712      0.11910      0.54758E-01   0.0000       0.0000    
   34.641      0.13884      0.11871      0.54683E-01   0.0000       0.0000    
   0.0000      0.14467      0.11766      0.52993E-01   0.0000       0.0000    
   0.0000       79.437       59.942      0.52624E-01   0.0000       0.0000    
  0.37482      0.10157      0.12822       0.0000       0.0000       0.0000    
  0.14917E-01  0.11177E-01  0.12138E-01   0.0000       0.0000       0.0000    
  0.44758E-03  0.48540E-03  0.48281E-03  0.73100E-03   0.0000       0.0000    
  0.18154E-04  0.20039E-04  0.21013E-04  0.28109E-04   0.0000       0.0000    
  0.21594E-05  0.19249E-05  0.28709E-05  0.51619E-05   0.0000       0.0000    
  0.76581E-01   2.0543      0.83782       1.5558       0.0000       0.0000    
  0.17538E-01  0.25686       5.1345      0.14106       0.0000       0.0000    
  0.12445E+07  0.25551       5.1118      0.14081       0.0000       0.0000    
  0.12373E+07   18520.       5.0715      0.13894       0.0000       0.0000    
  0.10340E+17   18584.      0.46951E+07  0.14157       0.0000       0.0000    
  0.45675      0.24998      0.49498      0.88226E-01   0.0000       0.0000    
  0.13796E-01  0.16414E-01  0.42569E-01  0.21560       0.0000       0.0000    
  0.48191E-03  0.66423E-03  0.60604E-03  0.12722E-02   0.0000       0.0000    
  0.15968E-04  0.22999E-04  0.21373E-04  0.22504E-04   0.0000       0.0000    
  0.25988E-05  0.23188E-05  0.27372E-05  0.69333E-05   0.0000       0.0000    
  0.17571      0.24518      0.71888       769.69       0.0000       0.0000    
   3.3118      0.25256E+17   2.0903      0.10948E+16   0.0000       0.0000    
   3.3027      0.21484E+17   5.6986      0.11516E+16   0.0000       0.0000    
   3.2837      0.21320E+17   5.6786      0.11549E+16   0.0000       0.0000    
   3.2086       0.0000      0.10227E+12  0.11404E+16   0.0000       0.0000    
  0.31817      0.20486       1.0487       0.0000       0.0000       0.0000    
  0.11537E-01  0.12986E-01  0.15362E-01  0.64841E-02   0.0000       0.0000    
  0.49446E-03  0.45071E-03  0.53717E-03  0.49639E-03   0.0000       0.0000    
  0.19148E-04  0.20065E-04  0.17619E-04  0.17211E-04   0.0000       0.0000    
  0.27306E-05  0.21600E-05  0.26033E-05  0.57388E-05   0.0000       0.0000    
  0.13631      0.17115      0.20631      0.58875       0.0000       0.0000    
  0.17086E+26   2.9526      0.35818E-01  0.72400E-01   0.0000       0.0000    
  0.20340E+26  0.14581      0.32125E-01  0.71978E-01   0.0000       0.0000    
  0.20242E+26   2.9184      0.35489E+11  0.84065E-01   0.0000       0.0000    
  0.20119E+26   2.8854      0.35471E+11  0.55599       0.0000       0.0000    
