         1         1         1        16                     05/02/13 17:11:18 
         1
   6.0000       10.000       4.0000       0.0000      -1.0000       0.0000    
   2.0000       3.0000       2.0000       0.0000       2010.0       0.0000    
   200.00      -1.0000       0.0000       2.0000    
   0.0000       4.0000       100.00       1.0000       2.0000       200.00    
   1.0000    
   0.0000       4.0000       180.00       1.0000       2.0000       1999.0    
   1.0000       4.0000       2011.0       1.0000    
   0.0000       2.0000      0.50000       1.0000       2.0000       1.0000    
   1.0000    
   100.00    
  0.50000      0.19937      0.36730       0.0000       0.0000       0.0000    
  0.21064E-01  0.17534E-01  0.31730E-01  0.24823E-01   0.0000       0.0000    
  0.63279E-03  0.64301E-03  0.95319E-03  0.83078E-03   0.0000       0.0000    
  0.24236E-04  0.20752E-04  0.18406E-04  0.29058E-04   0.0000       0.0000    
  0.37192E-05  0.26391E-05  0.26944E-05  0.93851E-05   0.0000       0.0000    
  0.92361E-02  0.30181E-01   0.0000       0.0000       0.0000       0.0000    
  0.19674E-01   0.0000       0.0000       0.0000       0.0000       0.0000    
  0.14445E-01   0.0000       0.0000       0.0000       0.0000       0.0000    
  0.13889E-01   0.0000       0.0000       0.0000       0.0000       0.0000    
  0.13940E-01   0.0000       0.0000       0.0000       0.0000       0.0000    
  0.46937      0.23174      0.40846      0.14564       0.0000       0.0000    
  0.15989E-01  0.18695E-01  0.33855E-01  0.12395       0.0000       0.0000    
  0.61282E-03  0.62012E-03  0.96325E-03  0.62837E-03   0.0000       0.0000    
  0.16995E-04  0.17002E-04  0.18888E-04  0.27266E-04   0.0000       0.0000    
  0.25898E-05  0.22470E-05  0.24803E-05  0.51595E-05   0.0000       0.0000    
   0.0000      0.27246E-01  0.14392      0.20653       0.0000       0.0000    
   0.0000      0.91727E-02   0.0000      0.18960E-01   0.0000       0.0000    
   0.0000      0.86557E-02   0.0000      0.16367E-01   0.0000       0.0000    
   0.0000      0.86573E-02   0.0000       0.0000       0.0000       0.0000    
   0.0000       0.0000       0.0000       0.0000       0.0000       0.0000    
  0.33839      0.14346      0.15932       0.0000       0.0000       0.0000    
  0.15956E-01  0.10938E-01  0.25786E-01  0.21103E-01   0.0000       0.0000    
  0.67022E-03  0.48420E-03  0.55372E-03  0.14303E-02   0.0000       0.0000    
  0.20574E-04  0.19206E-04  0.18288E-04  0.17034E-04   0.0000       0.0000    
  0.28685E-05  0.23161E-05  0.23546E-05  0.60200E-05   0.0000       0.0000    
  0.33091      0.20713E-02  0.52018E-02  0.88662E-02   0.0000       0.0000    
  0.27132E-01   0.0000       0.0000      0.97365E-03   0.0000       0.0000    
  0.21315E-01   0.0000       0.0000      0.10379E-02   0.0000       0.0000    
   0.0000       0.0000       0.0000       0.0000       0.0000       0.0000    
   0.0000       0.0000       0.0000       0.0000       0.0000       0.0000    
  0.35349      0.22557      0.45316       17.383       0.0000       0.0000    
  0.13583E-01  0.12098E-01  0.18295E-01  0.84021E-02   0.0000       0.0000    
  0.71643E-03  0.47651E-03  0.44054E-03  0.89058E-03   0.0000       0.0000    
  0.22878E-04  0.17557E-04  0.16240E-04  0.19413E-04   0.0000       0.0000    
  0.48391E-05  0.18599E-05  0.22125E-05  0.48823E-05   0.0000       0.0000    
   0.0000       0.0000       0.0000       0.0000       0.0000       0.0000    
   0.0000       0.0000       0.0000       0.0000       0.0000       0.0000    
   0.0000       0.0000       0.0000       0.0000       0.0000       0.0000    
   0.0000       0.0000       0.0000       0.0000       0.0000       0.0000    
   0.0000       0.0000       0.0000       0.0000       0.0000       0.0000    
