         1         1         1        16                     05/02/13 17:12:56 
         1
   6.0000       10.000       4.0000       0.0000      -1.0000       0.0000    
   2.0000       3.0000       2.0000       0.0000       2010.0       0.0000    
   200.00      -1.0000       0.0000       2.0000    
   0.0000       4.0000       100.00       1.0000       2.0000       200.00    
   1.0000    
   0.0000       4.0000       180.00       1.0000       2.0000       1999.0    
   1.0000       4.0000       2011.0       1.0000    
   0.0000       2.0000      0.50000       1.0000       2.0000       1.0000    
   1.0000    
   100.00    
  0.50000      0.14255      0.39977      0.15317       0.0000       0.0000    
  0.16196E-01  0.12003E-01  0.22727E-01  0.12094E-01   0.0000       0.0000    
  0.57912E-03  0.53134E-03  0.69835E-03  0.83050E-03   0.0000       0.0000    
  0.16831E-04  0.16206E-04  0.16093E-04  0.22511E-04   0.0000       0.0000    
  0.17878E-05  0.17039E-05  0.26962E-05  0.41921E-05   0.0000       0.0000    
  0.24410E-01  0.13739      0.44258      0.51913       0.0000       0.0000    
   0.0000      0.17335E-01  0.31818      0.40237E-01   0.0000       0.0000    
   0.0000      0.17366E-01  0.31576      0.40146E-01   0.0000       0.0000    
   0.0000      0.17776E-01   1.3863       6.7619       0.0000       0.0000    
   0.0000      0.95636E-01   1.3801       6.6997       0.0000       0.0000    
  0.33307      0.16094      0.16795       0.0000       0.0000       0.0000    
  0.11446E-01  0.11021E-01  0.14583E-01  0.64273E-01   0.0000       0.0000    
  0.42798E-03  0.45531E-03  0.51520E-03  0.43400E-03   0.0000       0.0000    
  0.18712E-04  0.18368E-04  0.16077E-04  0.20903E-04   0.0000       0.0000    
  0.21869E-05  0.17342E-05  0.21571E-05  0.33927E-05   0.0000       0.0000    
  0.31207       2.4075       3.3317       20.091       0.0000       0.0000    
   0.0000      0.22753E+29  0.30447       1.8107       0.0000       0.0000    
   0.0000      0.25010E+19  0.30422       1.3876       0.0000       0.0000    
   0.0000      0.24414E+19  0.95398       1.3727       0.0000       0.0000    
   0.0000      0.20130E+29  0.94961       5.6620       0.0000       0.0000    
  0.33390      0.16941      0.24521       599.41       0.0000       0.0000    
  0.14206E-01  0.11394E-01  0.11203E-01  0.33308E-01   0.0000       0.0000    
  0.50128E-03  0.56567E-03  0.43975E-03  0.46082E-03   0.0000       0.0000    
  0.15237E-04  0.19838E-04  0.14010E-04  0.15187E-04   0.0000       0.0000    
  0.21622E-05  0.17730E-05  0.18361E-05  0.28149E-05   0.0000       0.0000    
  0.14209      0.70063      0.44799       158.28       0.0000       0.0000    
   0.0000       14.813      0.47157E-01   0.0000       0.0000       0.0000    
   0.0000       14.696      0.47028E-01   0.0000       0.0000       0.0000    
   0.0000       14.556      0.12943       0.0000       0.0000       0.0000    
   0.0000       0.0000      0.13322       0.0000       0.0000       0.0000    
  0.45663      0.22298      0.37668      0.14039       0.0000       0.0000    
  0.14159E-01  0.15722E-01  0.19812E-01  0.29048E-01   0.0000       0.0000    
  0.66278E-03  0.72097E-03  0.68686E-03  0.81539E-03   0.0000       0.0000    
  0.13893E-04  0.21178E-04  0.20514E-04  0.17415E-04   0.0000       0.0000    
  0.19828E-05  0.19064E-05  0.23828E-05  0.37705E-05   0.0000       0.0000    
  0.21313       1.0196      0.11015      0.20865       0.0000       0.0000    
  0.53138E-01  0.11915      0.12885E-01  0.19389E-01   0.0000       0.0000    
  0.44601E-01  0.92552E-01  0.12850      0.14300       0.0000       0.0000    
   0.0000      0.11775      0.12796      0.52584       0.0000       0.0000    
   0.0000      0.70933       0.0000       2.0934       0.0000       0.0000    
