         1         1         1        16                     05/02/13 17:14:22 
         1
   6.0000       10.000       4.0000       0.0000      -1.0000       0.0000    
   2.0000       3.0000       2.0000       0.0000       2010.0       0.0000    
   200.00      -1.0000       0.0000       2.0000    
   0.0000       4.0000       100.00       1.0000       2.0000       200.00    
   1.0000    
   0.0000       4.0000       180.00       1.0000       2.0000       1999.0    
   1.0000       4.0000       2011.0       1.0000    
   0.0000       2.0000      0.50000       1.0000       2.0000       1.0000    
   1.0000    
   100.00    
  0.50000      0.22502       1.2796       0.0000       0.0000       0.0000    
  0.19869E-01  0.16552E-01  0.28072E-01  0.17212       0.0000       0.0000    
  0.59107E-03  0.71683E-03  0.86350E-03  0.57765E-02   0.0000       0.0000    
  0.17702E-04  0.19467E-04  0.23873E-04  0.22478E-04   0.0000       0.0000    
  0.28149E-05  0.17489E-05  0.32667E-05  0.54254E-05   0.0000       0.0000    
   0.0000       1.7879       3.8044       0.0000       0.0000       0.0000    
   0.0000       0.0000       0.0000       0.0000       0.0000       0.0000    
   0.0000       0.0000       0.0000       0.0000       0.0000       0.0000    
   0.0000       0.0000       0.0000       0.0000       0.0000       0.0000    
   0.0000       0.0000       0.0000       0.0000       0.0000       0.0000    
  0.42789      0.23095      0.36747       0.0000       0.0000       0.0000    
  0.14898E-01  0.15576E-01  0.27883E-01  0.58556E-01   0.0000       0.0000    
  0.52640E-03  0.58278E-03  0.81493E-03  0.21511E-02   0.0000       0.0000    
  0.14130E-04  0.18048E-04  0.18483E-04  0.36001E-04   0.0000       0.0000    
  0.24141E-05  0.18475E-05  0.24236E-05  0.75516E-05   0.0000       0.0000    
   0.0000      0.86643      0.18715E-02  0.40200E-02   0.0000       0.0000    
   0.0000       0.0000      0.29600      0.52246E-03   0.0000       0.0000    
   0.0000       0.0000      0.28351      0.63306E-03   0.0000       0.0000    
   0.0000       0.0000      0.28142      0.62421E-03   0.0000       0.0000    
   0.0000       0.0000      0.27825       0.0000       0.0000       0.0000    
  0.37758      0.16141      0.32207       0.0000       0.0000       0.0000    
  0.13073E-01  0.14309E-01  0.18604E-01  0.48399E-01   0.0000       0.0000    
  0.73502E-03  0.56666E-03  0.75930E-03  0.91184E-03   0.0000       0.0000    
  0.13372E-04  0.13994E-04  0.15605E-04  0.22713E-04   0.0000       0.0000    
  0.23791E-05  0.15267E-05  0.19997E-05  0.40006E-05   0.0000       0.0000    
   21.301      0.25512      0.19039      0.41066       0.0000       0.0000    
   2.3340       0.0000       0.0000      0.44174E-01   0.0000       0.0000    
   2.1804       0.0000       0.0000      0.48848E-01   0.0000       0.0000    
   2.1522       0.0000       0.0000      0.50764E-01   0.0000       0.0000    
   2.1544       0.0000       0.0000      0.79450E-01   0.0000       0.0000    
  0.46169      0.23359      0.76041      0.13634       0.0000       0.0000    
  0.11916E-01  0.18167E-01  0.50337E-01  0.17113E-01   0.0000       0.0000    
  0.50970E-03  0.51540E-03  0.70136E-03  0.13517E-02   0.0000       0.0000    
  0.14881E-04  0.22599E-04  0.21321E-04  0.22843E-04   0.0000       0.0000    
  0.26638E-05  0.18851E-05  0.26823E-05  0.61000E-05   0.0000       0.0000    
   22.767       6.1534       0.0000       0.0000       0.0000       0.0000    
   0.0000       0.0000       0.0000       0.0000       0.0000       0.0000    
   0.0000       0.0000       0.0000       0.0000       0.0000       0.0000    
   0.0000       0.0000       0.0000       0.0000       0.0000       0.0000    
   0.0000       0.0000       0.0000       0.0000       0.0000       0.0000    
