mcnp       5     05/08/13 22:08:40     2    53359182      631167712
 Run-script for NE506 project - Matthew Klebenow                                
ntal     2
    4   14
tally    4    1    0
     Tally of the flux reported in VITAMIN-J 175Gp structure                    
f        1
      1
d        1
u        0
s        0
m        0
c        0
et     176
  1.00001E-07  4.13994E-07  5.31579E-07  6.82560E-07  8.76425E-07  1.12300E-06
  1.44000E-06  1.85539E-06  2.38237E-06  3.05902E-06  3.92786E-06  5.04348E-06
  6.47595E-06  8.31529E-06  1.06770E-05  1.37096E-05  1.76035E-05  2.26033E-05
  2.90232E-05  3.72665E-05  4.78512E-05  6.14421E-05  7.88932E-05  1.01301E-04
  1.30073E-04  1.67017E-04  2.14454E-04  2.75364E-04  3.53575E-04  4.53999E-04
  5.82947E-04  7.48518E-04  9.61117E-04  1.23410E-03  1.58461E-03  2.03468E-03
  2.24867E-03  2.48517E-03  2.61259E-03  2.74654E-03  3.03539E-03  3.35463E-03
  3.70744E-03  4.30742E-03  5.53084E-03  7.10174E-03  9.11882E-03  1.05946E-02
  1.17088E-02  1.50344E-02  1.93045E-02  2.18749E-02  2.35786E-02  2.41755E-02
  2.47875E-02  2.60584E-02  2.70001E-02  2.85011E-02  3.18278E-02  3.43067E-02
  4.08677E-02  4.63092E-02  5.24752E-02  5.65622E-02  6.73795E-02  7.20245E-02
  7.94987E-02  8.25034E-02  8.65170E-02  9.80365E-02  1.11090E-01  1.16786E-01
  1.22773E-01  1.29068E-01  1.35686E-01  1.42642E-01  1.49956E-01  1.57644E-01
  1.65727E-01  1.74224E-01  1.83156E-01  1.92547E-01  2.02419E-01  2.12797E-01
  2.23708E-01  2.35177E-01  2.47235E-01  2.73237E-01  2.87246E-01  2.94518E-01
  2.97211E-01  2.98491E-01  3.01974E-01  3.33733E-01  3.68832E-01  3.87742E-01
  4.07622E-01  4.50492E-01  4.97871E-01  5.23397E-01  5.50232E-01  5.78443E-01
  6.08101E-01  6.39279E-01  6.72055E-01  7.06512E-01  7.42736E-01  7.80817E-01
  8.20850E-01  8.62936E-01  9.07180E-01  9.61672E-01  1.00259E+00  1.10803E+00
  1.16484E+00  1.22456E+00  1.28735E+00  1.35335E+00  1.42274E+00  1.49569E+00
  1.57237E+00  1.65299E+00  1.73774E+00  1.82684E+00  1.92050E+00  2.01897E+00
  2.12248E+00  2.23130E+00  2.30693E+00  2.34570E+00  2.36533E+00  2.38513E+00
  2.46597E+00  2.59240E+00  2.72532E+00  2.86505E+00  3.01194E+00  3.16637E+00
  3.32871E+00  3.67879E+00  4.06570E+00  4.49329E+00  4.72367E+00  4.96585E+00
  5.22046E+00  5.48812E+00  5.76950E+00  6.06531E+00  6.37628E+00  6.59241E+00
  6.70320E+00  7.04688E+00  7.40818E+00  7.78801E+00  8.18731E+00  8.60708E+00
  9.04837E+00  9.51229E+00  1.00000E+01  1.05127E+01  1.10517E+01  1.16183E+01
  1.22140E+01  1.25232E+01  1.28403E+01  1.34986E+01  1.38403E+01  1.41907E+01
  1.45499E+01  1.49182E+01  1.56831E+01  1.64872E+01  1.69046E+01  1.73325E+01
  1.96403E+01
t        0
vals
  0.00000E+00 0.0000  3.83751E-11 1.0000  0.00000E+00 0.0000  0.00000E+00 0.0000
  0.00000E+00 0.0000  0.00000E+00 0.0000  3.80515E-11 1.0000  2.33872E-10 0.5362
  9.13988E-11 0.7073  4.68523E-11 1.0000  2.10778E-10 0.6081  3.61469E-10 0.4568
  3.50009E-10 0.4384  5.61516E-10 0.3429  4.12564E-10 0.3844  5.47783E-10 0.3415
  6.11740E-10 0.2861  5.78927E-10 0.2925  1.28445E-09 0.2324  1.39451E-09 0.1922
  2.21925E-09 0.1651  2.05720E-09 0.1712  3.03264E-09 0.1432  2.84229E-09 0.1337
  5.33352E-09 0.1096  6.10409E-09 0.0999  8.70487E-09 0.0835  9.67918E-09 0.0779
  1.27435E-08 0.0677  1.68110E-08 0.0588  2.33367E-08 0.0504  3.09888E-08 0.0437
  2.08265E-07 0.0172  2.76223E-07 0.0132  1.87887E-07 0.0120  2.25219E-07 0.0115
  1.03246E-07 0.0129  1.11758E-07 0.0126  5.88663E-08 0.0153  6.22760E-08 0.0149
  1.32645E-07 0.0122  1.46323E-07 0.0119  1.59251E-07 0.0116  2.67619E-07 0.0103
  5.42312E-07 0.0089  6.83929E-07 0.0082  8.63995E-07 0.0075  6.32262E-07 0.0078
  4.72402E-07 0.0082  1.38763E-06 0.0062  1.75831E-06 0.0056  1.06235E-06 0.0063
  6.97350E-07 0.0069  2.47701E-07 0.0105  2.50601E-07 0.0104  5.17219E-07 0.0077
  3.83301E-07 0.0087  6.04996E-07 0.0073  1.36170E-06 0.0056  1.00985E-06 0.0060
  2.64679E-06 0.0044  2.17927E-06 0.0046  2.45587E-06 0.0044  1.63425E-06 0.0049
  4.28235E-06 0.0036  1.83941E-06 0.0047  2.96479E-06 0.0039  1.20074E-06 0.0055
  1.59179E-06 0.0049  4.58090E-06 0.0033  5.21160E-06 0.0031  2.27571E-06 0.0042
  2.39284E-06 0.0041  2.52082E-06 0.0040  2.64961E-06 0.0039  2.78459E-06 0.0038
  2.92695E-06 0.0037  3.10974E-06 0.0036  3.27130E-06 0.0036  3.43518E-06 0.0035
  3.61325E-06 0.0034  3.81713E-06 0.0033  4.03625E-06 0.0032  4.25024E-06 0.0031
  4.46658E-06 0.0031  4.68811E-06 0.0030  4.94260E-06 0.0029  1.07092E-05 0.0021
  5.75859E-06 0.0027  2.99387E-06 0.0037  1.11286E-06 0.0059  5.26501E-07 0.0085
  1.44326E-06 0.0052  1.31530E-05 0.0019  1.45731E-05 0.0018  7.86757E-06 0.0024
  8.33520E-06 0.0023  1.79920E-05 0.0016  1.99549E-05 0.0016  1.08201E-05 0.0020
  1.14251E-05 0.0020  1.20151E-05 0.0019  1.26962E-05 0.0019  1.34470E-05 0.0018
  1.40955E-05 0.0018  1.48808E-05 0.0017  1.57699E-05 0.0017  1.67046E-05 0.0016
  1.76544E-05 0.0016  1.85798E-05 0.0015  1.96499E-05 0.0015  2.42251E-05 0.0014
  1.82823E-05 0.0015  4.69674E-05 0.0010  2.50728E-05 0.0013  2.61447E-05 0.0013
  2.69911E-05 0.0013  2.74005E-05 0.0013  2.76608E-05 0.0013  2.80505E-05 0.0012
  2.87178E-05 0.0012  2.92558E-05 0.0012  2.98699E-05 0.0012  3.04707E-05 0.0012
  3.10071E-05 0.0012  3.14478E-05 0.0012  3.18387E-05 0.0012  3.20339E-05 0.0012
  2.15080E-05 0.0014  1.07377E-05 0.0019  5.35551E-06 0.0027  5.37896E-06 0.0027
  2.15339E-05 0.0014  3.21979E-05 0.0012  3.22933E-05 0.0012  3.23570E-05 0.0012
  3.23156E-05 0.0012  3.22266E-05 0.0012  3.20387E-05 0.0012  6.41891E-05 0.0008
  6.46299E-05 0.0008  6.56113E-05 0.0008  3.34339E-05 0.0011  3.38207E-05 0.0011
  3.46326E-05 0.0011  3.54525E-05 0.0011  3.63604E-05 0.0011  3.74153E-05 0.0011
  3.84625E-05 0.0011  2.63901E-05 0.0013  1.33970E-05 0.0018  4.12437E-05 0.0010
  4.28205E-05 0.0010  4.45401E-05 0.0010  4.63749E-05 0.0010  4.83071E-05 0.0009
  5.05189E-05 0.0009  5.27320E-05 0.0009  5.52475E-05 0.0009  5.79056E-05 0.0009
  6.06897E-05 0.0008  6.34564E-05 0.0008  6.64345E-05 0.0008  3.44176E-05 0.0011
  3.52802E-05 0.0011  7.30681E-05 0.0008  3.78462E-05 0.0011  3.87049E-05 0.0011
  3.98154E-05 0.0010  4.07512E-05 0.0010  8.47484E-05 0.0007  8.88551E-05 0.0007
  4.61866E-05 0.0010  4.73137E-05 0.0010  2.52499E-04 0.0004  3.06941E-03 0.0001
tfc   14       1       1       1       1       1       1     176       1
    4096000  3.06918E-03  2.33804E-04  2.96313E+07
    8192000  3.06947E-03  1.65333E-04  2.97019E+07
   12288000  3.06967E-03  1.35060E-04  2.96760E+07
   16384000  3.06950E-03  1.16950E-04  2.97000E+07
   20480000  3.06952E-03  1.04602E-04  2.97059E+07
   24576000  3.06959E-03  0.00000E+00  1.00000E+30
   28672000  3.06944E-03  0.00000E+00  1.00000E+30
   32768000  3.06930E-03  0.00000E+00  1.00000E+30
   36864000  3.06941E-03  0.00000E+00  1.00000E+30
   40960000  3.06941E-03  0.00000E+00  1.00000E+30
   45056000  3.06945E-03  0.00000E+00  1.00000E+30
   49152000  3.06941E-03  0.00000E+00  1.00000E+30
   53248000  3.06940E-03  0.00000E+00  1.00000E+30
   53359182  3.06941E-03  0.00000E+00  1.00000E+30
tally   14    1    0
     Tally of the total xs reaction                                             
f        1
      1
d        1
u        0
s        0
m        1
c        0
et     176
  1.00001E-07  4.13994E-07  5.31579E-07  6.82560E-07  8.76425E-07  1.12300E-06
  1.44000E-06  1.85539E-06  2.38237E-06  3.05902E-06  3.92786E-06  5.04348E-06
  6.47595E-06  8.31529E-06  1.06770E-05  1.37096E-05  1.76035E-05  2.26033E-05
  2.90232E-05  3.72665E-05  4.78512E-05  6.14421E-05  7.88932E-05  1.01301E-04
  1.30073E-04  1.67017E-04  2.14454E-04  2.75364E-04  3.53575E-04  4.53999E-04
  5.82947E-04  7.48518E-04  9.61117E-04  1.23410E-03  1.58461E-03  2.03468E-03
  2.24867E-03  2.48517E-03  2.61259E-03  2.74654E-03  3.03539E-03  3.35463E-03
  3.70744E-03  4.30742E-03  5.53084E-03  7.10174E-03  9.11882E-03  1.05946E-02
  1.17088E-02  1.50344E-02  1.93045E-02  2.18749E-02  2.35786E-02  2.41755E-02
  2.47875E-02  2.60584E-02  2.70001E-02  2.85011E-02  3.18278E-02  3.43067E-02
  4.08677E-02  4.63092E-02  5.24752E-02  5.65622E-02  6.73795E-02  7.20245E-02
  7.94987E-02  8.25034E-02  8.65170E-02  9.80365E-02  1.11090E-01  1.16786E-01
  1.22773E-01  1.29068E-01  1.35686E-01  1.42642E-01  1.49956E-01  1.57644E-01
  1.65727E-01  1.74224E-01  1.83156E-01  1.92547E-01  2.02419E-01  2.12797E-01
  2.23708E-01  2.35177E-01  2.47235E-01  2.73237E-01  2.87246E-01  2.94518E-01
  2.97211E-01  2.98491E-01  3.01974E-01  3.33733E-01  3.68832E-01  3.87742E-01
  4.07622E-01  4.50492E-01  4.97871E-01  5.23397E-01  5.50232E-01  5.78443E-01
  6.08101E-01  6.39279E-01  6.72055E-01  7.06512E-01  7.42736E-01  7.80817E-01
  8.20850E-01  8.62936E-01  9.07180E-01  9.61672E-01  1.00259E+00  1.10803E+00
  1.16484E+00  1.22456E+00  1.28735E+00  1.35335E+00  1.42274E+00  1.49569E+00
  1.57237E+00  1.65299E+00  1.73774E+00  1.82684E+00  1.92050E+00  2.01897E+00
  2.12248E+00  2.23130E+00  2.30693E+00  2.34570E+00  2.36533E+00  2.38513E+00
  2.46597E+00  2.59240E+00  2.72532E+00  2.86505E+00  3.01194E+00  3.16637E+00
  3.32871E+00  3.67879E+00  4.06570E+00  4.49329E+00  4.72367E+00  4.96585E+00
  5.22046E+00  5.48812E+00  5.76950E+00  6.06531E+00  6.37628E+00  6.59241E+00
  6.70320E+00  7.04688E+00  7.40818E+00  7.78801E+00  8.18731E+00  8.60708E+00
  9.04837E+00  9.51229E+00  1.00000E+01  1.05127E+01  1.10517E+01  1.16183E+01
  1.22140E+01  1.25232E+01  1.28403E+01  1.34986E+01  1.38403E+01  1.41907E+01
  1.45499E+01  1.49182E+01  1.56831E+01  1.64872E+01  1.69046E+01  1.73325E+01
  1.96403E+01
t        0
vals
  0.00000E+00 0.0000  1.22391E-34 1.0000  0.00000E+00 0.0000  0.00000E+00 0.0000
  0.00000E+00 0.0000  0.00000E+00 0.0000  1.14281E-34 1.0000  6.99688E-34 0.5360
  2.72467E-34 0.7073  1.39109E-34 1.0000  6.24637E-34 0.6082  1.06878E-33 0.4568
  1.03233E-33 0.4385  1.65298E-33 0.3430  1.21226E-33 0.3844  1.60724E-33 0.3415
  1.79251E-33 0.2861  1.69421E-33 0.2925  3.75554E-33 0.2324  4.07348E-33 0.1922
  6.47704E-33 0.1651  5.99972E-33 0.1712  8.83868E-33 0.1432  8.27903E-33 0.1337
  1.55280E-32 0.1096  1.77630E-32 0.0999  2.53214E-32 0.0835  2.81453E-32 0.0779
  3.70437E-32 0.0677  4.88531E-32 0.0588  6.77989E-32 0.0504  9.00091E-32 0.0437
  6.04788E-31 0.0172  6.60003E-30 0.0126  7.71907E-30 0.0120  8.32177E-30 0.0115
  3.51792E-30 0.0129  3.64568E-30 0.0126  1.85121E-30 0.0153  1.90630E-30 0.0149
  3.88117E-30 0.0122  4.06854E-30 0.0119  4.22184E-30 0.0116  6.63451E-30 0.0103
  1.21448E-29 0.0089  1.34999E-29 0.0082  1.50397E-29 0.0075  9.98895E-30 0.0078
  7.13640E-30 0.0082  1.95580E-29 0.0062  2.17338E-29 0.0056  1.16619E-29 0.0063
  7.33813E-30 0.0069  2.54948E-30 0.0105  2.54904E-30 0.0104  5.16295E-30 0.0077
  3.74097E-30 0.0087  5.75651E-30 0.0073  1.23536E-29 0.0056  8.78547E-30 0.0060
  2.16080E-29 0.0044  1.65293E-29 0.0046  1.75035E-29 0.0044  1.11132E-29 0.0049
  2.73807E-29 0.0036  1.11033E-29 0.0047  1.72206E-29 0.0039  6.75184E-30 0.0055
  8.78246E-30 0.0049  2.42641E-29 0.0033  2.61817E-29 0.0031  1.10724E-29 0.0042
  1.14086E-29 0.0041  1.17596E-29 0.0040  1.20732E-29 0.0039  1.23718E-29 0.0038
  1.26538E-29 0.0037  1.31399E-29 0.0036  1.35774E-29 0.0036  1.39869E-29 0.0035
  1.44132E-29 0.0034  1.48948E-29 0.0033  1.53853E-29 0.0032  1.58979E-29 0.0031
  1.64191E-29 0.0031  1.69149E-29 0.0030  1.74807E-29 0.0029  3.68574E-29 0.0021
  1.93430E-29 0.0027  9.92510E-30 0.0037  3.66647E-30 0.0059  1.73032E-30 0.0085
  4.73004E-30 0.0052  4.24331E-29 0.0019  4.56734E-29 0.0018  2.41998E-29 0.0024
  2.53167E-29 0.0023  5.38003E-29 0.0016  5.86062E-29 0.0016  3.14368E-29 0.0020
  3.30106E-29 0.0020  3.45598E-29 0.0019  3.63977E-29 0.0019  3.84798E-29 0.0018
  4.03033E-29 0.0018  4.25794E-29 0.0017  4.52174E-29 0.0017  4.80574E-29 0.0016
  5.10322E-29 0.0016  5.40362E-29 0.0015  5.75752E-29 0.0015  7.16623E-29 0.0014
  5.46262E-29 0.0015  1.42693E-28 0.0010  7.76429E-29 0.0013  8.21013E-29 0.0013
  8.60135E-29 0.0013  8.86570E-29 0.0013  9.09049E-29 0.0013  9.36391E-29 0.0012
  9.73767E-29 0.0012  1.00737E-28 0.0012  1.04389E-28 0.0012  1.08001E-28 0.0012
  1.11361E-28 0.0012  1.14318E-28 0.0012  1.16998E-28 0.0012  1.18830E-28 0.0012
  8.03235E-29 0.0014  4.02421E-29 0.0019  2.01024E-29 0.0027  2.02116E-29 0.0027
  8.11049E-29 0.0014  1.21724E-28 0.0012  1.22460E-28 0.0012  1.22862E-28 0.0012
  1.22672E-28 0.0012  1.22106E-28 0.0012  1.20975E-28 0.0012  2.40417E-28 0.0008
  2.38379E-28 0.0008  2.37103E-28 0.0008  1.18639E-28 0.0011  1.18387E-28 0.0011
  1.19460E-28 0.0011  1.20375E-28 0.0011  1.21402E-28 0.0011  1.22723E-28 0.0011
  1.23815E-28 0.0011  8.35770E-29 0.0013  4.20024E-29 0.0018  1.27517E-28 0.0010
  1.29565E-28 0.0010  1.31771E-28 0.0010  1.34024E-28 0.0010  1.36262E-28 0.0009
  1.38983E-28 0.0009  1.41398E-28 0.0009  1.44377E-28 0.0009  1.47477E-28 0.0009
  1.50755E-28 0.0008  1.53923E-28 0.0008  1.57629E-28 0.0008  8.04288E-29 0.0011
  8.16797E-29 0.0011  1.66962E-28 0.0008  8.54729E-29 0.0011  8.67767E-29 0.0011
  8.86723E-29 0.0010  9.01861E-29 0.0010  1.85961E-28 0.0007  1.93037E-28 0.0007
  9.96892E-29 0.0010  1.01731E-28 0.0010  5.38656E-28 0.0004  9.27716E-27 0.0001
tfc   14       1       1       1       1       1       1     176       1
    4096000  9.27695E-27  4.02439E-04  1.00012E+07
    8192000  9.27724E-27  2.84628E-04  1.00219E+07
   12288000  9.27884E-27  2.33405E-04  9.93658E+06
   16384000  9.27742E-27  2.01507E-04  1.00040E+07
   20480000  9.27737E-27  1.80205E-04  1.00089E+07
   24576000  9.27705E-27  1.64310E-04  1.00333E+07
   28672000  9.27718E-27  1.52555E-04  9.96445E+06
   32768000  9.27614E-27  1.42599E-04  9.97962E+06
   36864000  9.27679E-27  1.34560E-04  9.96410E+06
   40960000  9.27694E-27  1.27722E-04  9.95544E+06
   45056000  9.27709E-27  1.21753E-04  9.95915E+06
   49152000  9.27706E-27  1.16579E-04  9.95765E+06
   53248000  9.27717E-27  1.12059E-04  9.94940E+06
   53359182  9.27716E-27  1.11924E-04  9.95250E+06
