mcnp       5     05/08/13 21:51:36     2    56799466      677203891
 Run-script for NE506 project - Matthew Klebenow                                
ntal     2
    4   14
tally    4    1    0
     Tally of the flux reported in VITAMIN-J 175Gp structure                    
f        1
      1
d        1
u        0
s        0
m        0
c        0
et     176
  1.00001E-07  4.13994E-07  5.31579E-07  6.82560E-07  8.76425E-07  1.12300E-06
  1.44000E-06  1.85539E-06  2.38237E-06  3.05902E-06  3.92786E-06  5.04348E-06
  6.47595E-06  8.31529E-06  1.06770E-05  1.37096E-05  1.76035E-05  2.26033E-05
  2.90232E-05  3.72665E-05  4.78512E-05  6.14421E-05  7.88932E-05  1.01301E-04
  1.30073E-04  1.67017E-04  2.14454E-04  2.75364E-04  3.53575E-04  4.53999E-04
  5.82947E-04  7.48518E-04  9.61117E-04  1.23410E-03  1.58461E-03  2.03468E-03
  2.24867E-03  2.48517E-03  2.61259E-03  2.74654E-03  3.03539E-03  3.35463E-03
  3.70744E-03  4.30742E-03  5.53084E-03  7.10174E-03  9.11882E-03  1.05946E-02
  1.17088E-02  1.50344E-02  1.93045E-02  2.18749E-02  2.35786E-02  2.41755E-02
  2.47875E-02  2.60584E-02  2.70001E-02  2.85011E-02  3.18278E-02  3.43067E-02
  4.08677E-02  4.63092E-02  5.24752E-02  5.65622E-02  6.73795E-02  7.20245E-02
  7.94987E-02  8.25034E-02  8.65170E-02  9.80365E-02  1.11090E-01  1.16786E-01
  1.22773E-01  1.29068E-01  1.35686E-01  1.42642E-01  1.49956E-01  1.57644E-01
  1.65727E-01  1.74224E-01  1.83156E-01  1.92547E-01  2.02419E-01  2.12797E-01
  2.23708E-01  2.35177E-01  2.47235E-01  2.73237E-01  2.87246E-01  2.94518E-01
  2.97211E-01  2.98491E-01  3.01974E-01  3.33733E-01  3.68832E-01  3.87742E-01
  4.07622E-01  4.50492E-01  4.97871E-01  5.23397E-01  5.50232E-01  5.78443E-01
  6.08101E-01  6.39279E-01  6.72055E-01  7.06512E-01  7.42736E-01  7.80817E-01
  8.20850E-01  8.62936E-01  9.07180E-01  9.61672E-01  1.00259E+00  1.10803E+00
  1.16484E+00  1.22456E+00  1.28735E+00  1.35335E+00  1.42274E+00  1.49569E+00
  1.57237E+00  1.65299E+00  1.73774E+00  1.82684E+00  1.92050E+00  2.01897E+00
  2.12248E+00  2.23130E+00  2.30693E+00  2.34570E+00  2.36533E+00  2.38513E+00
  2.46597E+00  2.59240E+00  2.72532E+00  2.86505E+00  3.01194E+00  3.16637E+00
  3.32871E+00  3.67879E+00  4.06570E+00  4.49329E+00  4.72367E+00  4.96585E+00
  5.22046E+00  5.48812E+00  5.76950E+00  6.06531E+00  6.37628E+00  6.59241E+00
  6.70320E+00  7.04688E+00  7.40818E+00  7.78801E+00  8.18731E+00  8.60708E+00
  9.04837E+00  9.51229E+00  1.00000E+01  1.05127E+01  1.10517E+01  1.16183E+01
  1.22140E+01  1.25232E+01  1.28403E+01  1.34986E+01  1.38403E+01  1.41907E+01
  1.45499E+01  1.49182E+01  1.56831E+01  1.64872E+01  1.69046E+01  1.73325E+01
  1.96403E+01
t        0
vals
  0.00000E+00 0.0000  3.99032E-14 1.0000  0.00000E+00 0.0000  0.00000E+00 0.0000
  0.00000E+00 0.0000  0.00000E+00 0.0000  0.00000E+00 0.0000  2.37771E-12 0.7068
  2.24716E-12 1.0000  1.45132E-12 1.0000  7.46067E-13 0.7166  1.94745E-12 0.5274
  4.12261E-13 0.5753  6.94973E-13 0.5448  2.38372E-13 0.5791  2.43310E-12 0.3683
  1.41786E-11 0.3579  3.23050E-11 0.3433  1.07457E-10 0.2281  1.98693E-10 0.2041
  5.45350E-10 0.1950  6.04028E-10 0.1900  1.14346E-09 0.1540  1.70460E-09 0.1373
  2.82093E-09 0.1068  3.55438E-09 0.0967  5.37748E-09 0.0822  6.98636E-09 0.0768
  9.71841E-09 0.0679  1.30474E-08 0.0577  1.83050E-08 0.0459  5.31791E-09 0.0382
  7.59259E-09 0.0335  1.25338E-08 0.0281  1.97980E-08 0.0231  3.10382E-08 0.0202
  1.67218E-08 0.0224  2.01198E-08 0.0208  1.18601E-08 0.0248  1.28938E-08 0.0230
  2.91371E-08 0.0185  3.48001E-08 0.0172  4.07049E-08 0.0161  7.74549E-08 0.0136
  1.83224E-07 0.0107  2.70675E-07 0.0094  3.93222E-07 0.0083  3.12601E-07 0.0086
  2.43102E-07 0.0089  7.64165E-07 0.0067  1.03752E-06 0.0060  6.50055E-07 0.0066
  4.39566E-07 0.0073  1.58384E-07 0.0105  1.64079E-07 0.0104  3.36680E-07 0.0079
  2.51964E-07 0.0088  4.04178E-07 0.0074  9.14782E-07 0.0058  6.85122E-07 0.0062
  1.83613E-06 0.0047  1.57937E-06 0.0048  1.82186E-06 0.0045  1.20350E-06 0.0050
  3.20364E-06 0.0037  1.39554E-06 0.0047  2.26403E-06 0.0040  9.15561E-07 0.0054
  1.21653E-06 0.0049  3.50988E-06 0.0034  3.92687E-06 0.0033  1.66684E-06 0.0043
  1.72957E-06 0.0043  1.82513E-06 0.0042  1.92988E-06 0.0041  2.04295E-06 0.0040
  2.15519E-06 0.0039  2.28922E-06 0.0038  2.42837E-06 0.0037  2.57486E-06 0.0036
  2.68813E-06 0.0035  2.85014E-06 0.0035  3.04108E-06 0.0034  3.20092E-06 0.0033
  3.42151E-06 0.0032  3.59855E-06 0.0031  3.80509E-06 0.0030  8.30440E-06 0.0022
  4.50686E-06 0.0028  2.34973E-06 0.0037  8.74506E-07 0.0060  4.19926E-07 0.0086
  1.14227E-06 0.0053  1.04437E-05 0.0020  1.15152E-05 0.0019  6.18071E-06 0.0024
  6.51753E-06 0.0024  1.41258E-05 0.0017  1.57265E-05 0.0016  8.55969E-06 0.0021
  9.03061E-06 0.0020  9.49623E-06 0.0020  1.00218E-05 0.0019  1.05709E-05 0.0019
  1.11010E-05 0.0018  1.16372E-05 0.0018  1.22577E-05 0.0017  1.28525E-05 0.0017
  1.35513E-05 0.0017  1.41286E-05 0.0016  1.47554E-05 0.0016  1.80252E-05 0.0014
  1.33913E-05 0.0017  3.38111E-05 0.0011  1.78076E-05 0.0014  1.84987E-05 0.0014
  1.90959E-05 0.0014  1.97092E-05 0.0014  2.03268E-05 0.0014  2.08654E-05 0.0013
  2.15425E-05 0.0013  2.21344E-05 0.0013  2.27295E-05 0.0013  2.33544E-05 0.0013
  2.38921E-05 0.0013  2.44826E-05 0.0012  2.50398E-05 0.0012  2.55911E-05 0.0012
  1.73921E-05 0.0015  8.73466E-06 0.0021  4.40031E-06 0.0029  4.40286E-06 0.0029
  1.78339E-05 0.0015  2.71497E-05 0.0012  2.75919E-05 0.0012  2.80847E-05 0.0012
  2.85736E-05 0.0012  2.90243E-05 0.0012  2.94387E-05 0.0012  6.00788E-05 0.0008
  6.18965E-05 0.0008  6.39273E-05 0.0008  3.28751E-05 0.0011  3.34283E-05 0.0011
  3.42388E-05 0.0011  3.49665E-05 0.0011  3.59208E-05 0.0011  3.70144E-05 0.0010
  3.80777E-05 0.0010  2.62103E-05 0.0012  1.33752E-05 0.0017  4.10720E-05 0.0010
  4.25307E-05 0.0010  4.41574E-05 0.0010  4.59537E-05 0.0009  4.78969E-05 0.0009
  5.01070E-05 0.0009  5.22293E-05 0.0009  5.46913E-05 0.0009  5.73660E-05 0.0008
  6.01368E-05 0.0008  6.29942E-05 0.0008  6.61053E-05 0.0008  3.42630E-05 0.0011
  3.51812E-05 0.0011  7.29808E-05 0.0007  3.78742E-05 0.0010  3.87703E-05 0.0010
  3.98515E-05 0.0010  4.07623E-05 0.0010  8.48159E-05 0.0007  8.89739E-05 0.0007
  4.61897E-05 0.0009  4.73310E-05 0.0009  2.54342E-04 0.0004  2.80329E-03 0.0000
tfc   14       1       1       1       1       1       1     176       1
    4096000  2.80318E-03  1.85705E-04  5.01586E+07
    8192000  2.80321E-03  1.31312E-04  5.01191E+07
   12288000  2.80329E-03  1.07223E-04  5.00646E+07
   16384000  2.80318E-03  0.00000E+00  1.00000E+30
   20480000  2.80312E-03  0.00000E+00  1.00000E+30
   24576000  2.80315E-03  0.00000E+00  1.00000E+30
   28672000  2.80310E-03  0.00000E+00  1.00000E+30
   32768000  2.80312E-03  0.00000E+00  1.00000E+30
   36864000  2.80326E-03  0.00000E+00  1.00000E+30
   40960000  2.80323E-03  0.00000E+00  1.00000E+30
   45056000  2.80323E-03  0.00000E+00  1.00000E+30
   49152000  2.80325E-03  0.00000E+00  1.00000E+30
   53248000  2.80330E-03  0.00000E+00  1.00000E+30
   56799466  2.80329E-03  0.00000E+00  1.00000E+30
tally   14    1    0
     Tally of the total xs reaction                                             
f        1
      1
d        1
u        0
s        0
m        1
c        0
et     176
  1.00001E-07  4.13994E-07  5.31579E-07  6.82560E-07  8.76425E-07  1.12300E-06
  1.44000E-06  1.85539E-06  2.38237E-06  3.05902E-06  3.92786E-06  5.04348E-06
  6.47595E-06  8.31529E-06  1.06770E-05  1.37096E-05  1.76035E-05  2.26033E-05
  2.90232E-05  3.72665E-05  4.78512E-05  6.14421E-05  7.88932E-05  1.01301E-04
  1.30073E-04  1.67017E-04  2.14454E-04  2.75364E-04  3.53575E-04  4.53999E-04
  5.82947E-04  7.48518E-04  9.61117E-04  1.23410E-03  1.58461E-03  2.03468E-03
  2.24867E-03  2.48517E-03  2.61259E-03  2.74654E-03  3.03539E-03  3.35463E-03
  3.70744E-03  4.30742E-03  5.53084E-03  7.10174E-03  9.11882E-03  1.05946E-02
  1.17088E-02  1.50344E-02  1.93045E-02  2.18749E-02  2.35786E-02  2.41755E-02
  2.47875E-02  2.60584E-02  2.70001E-02  2.85011E-02  3.18278E-02  3.43067E-02
  4.08677E-02  4.63092E-02  5.24752E-02  5.65622E-02  6.73795E-02  7.20245E-02
  7.94987E-02  8.25034E-02  8.65170E-02  9.80365E-02  1.11090E-01  1.16786E-01
  1.22773E-01  1.29068E-01  1.35686E-01  1.42642E-01  1.49956E-01  1.57644E-01
  1.65727E-01  1.74224E-01  1.83156E-01  1.92547E-01  2.02419E-01  2.12797E-01
  2.23708E-01  2.35177E-01  2.47235E-01  2.73237E-01  2.87246E-01  2.94518E-01
  2.97211E-01  2.98491E-01  3.01974E-01  3.33733E-01  3.68832E-01  3.87742E-01
  4.07622E-01  4.50492E-01  4.97871E-01  5.23397E-01  5.50232E-01  5.78443E-01
  6.08101E-01  6.39279E-01  6.72055E-01  7.06512E-01  7.42736E-01  7.80817E-01
  8.20850E-01  8.62936E-01  9.07180E-01  9.61672E-01  1.00259E+00  1.10803E+00
  1.16484E+00  1.22456E+00  1.28735E+00  1.35335E+00  1.42274E+00  1.49569E+00
  1.57237E+00  1.65299E+00  1.73774E+00  1.82684E+00  1.92050E+00  2.01897E+00
  2.12248E+00  2.23130E+00  2.30693E+00  2.34570E+00  2.36533E+00  2.38513E+00
  2.46597E+00  2.59240E+00  2.72532E+00  2.86505E+00  3.01194E+00  3.16637E+00
  3.32871E+00  3.67879E+00  4.06570E+00  4.49329E+00  4.72367E+00  4.96585E+00
  5.22046E+00  5.48812E+00  5.76950E+00  6.06531E+00  6.37628E+00  6.59241E+00
  6.70320E+00  7.04688E+00  7.40818E+00  7.78801E+00  8.18731E+00  8.60708E+00
  9.04837E+00  9.51229E+00  1.00000E+01  1.05127E+01  1.10517E+01  1.16183E+01
  1.22140E+01  1.25232E+01  1.28403E+01  1.34986E+01  1.38403E+01  1.41907E+01
  1.45499E+01  1.49182E+01  1.56831E+01  1.64872E+01  1.69046E+01  1.73325E+01
  1.96403E+01
t        0
vals
  0.00000E+00 0.0000  3.16840E-35 1.0000  0.00000E+00 0.0000  0.00000E+00 0.0000
  0.00000E+00 0.0000  0.00000E+00 0.0000  0.00000E+00 0.0000  1.09487E-33 0.7076
  1.07952E-33 1.0000  8.12336E-34 1.0000  5.16938E-34 0.7193  1.67191E-33 0.5332
  6.54424E-34 0.5915  3.86113E-33 0.4759  2.86519E-33 0.4477  3.12399E-33 0.3589
  5.13136E-33 0.3389  4.56255E-33 0.3423  8.73007E-33 0.2285  9.94523E-33 0.2053
  1.80028E-32 0.1927  1.48187E-32 0.1898  2.15290E-32 0.1546  2.59818E-32 0.1379
  3.59790E-32 0.1066  3.90878E-32 0.0969  5.22192E-32 0.0823  6.09495E-32 0.0767
  7.76248E-32 0.0679  9.68781E-32 0.0577  2.48053E-31 0.0442  4.69181E-31 0.0383
  6.06416E-31 0.0335  8.88901E-31 0.0281  1.24702E-30 0.0232  1.74155E-30 0.0202
  8.62267E-31 0.0224  9.95581E-31 0.0208  5.68719E-31 0.0248  6.04143E-31 0.0230
  1.31288E-30 0.0185  1.50043E-30 0.0172  1.68774E-30 0.0161  3.02893E-30 0.0136
  6.47663E-30 0.0107  8.55452E-30 0.0094  1.10982E-29 0.0083  8.04652E-30 0.0086
  5.95400E-30 0.0089  1.72732E-29 0.0067  2.09615E-29 0.0060  1.20602E-29 0.0066
  7.77970E-30 0.0073  2.74148E-30 0.0105  2.80680E-30 0.0104  5.66535E-30 0.0079
  4.16570E-30 0.0088  6.55246E-30 0.0074  1.42895E-29 0.0058  1.03519E-29 0.0062
  2.63640E-29 0.0047  2.11103E-29 0.0048  2.35393E-29 0.0045  1.53923E-29 0.0050
  3.86523E-29 0.0037  1.58141E-29 0.0047  2.47553E-29 0.0040  9.71610E-30 0.0054
  1.26486E-29 0.0049  3.48224E-29 0.0034  3.63269E-29 0.0033  1.46930E-29 0.0043
  1.49048E-29 0.0043  1.53485E-29 0.0042  1.58166E-29 0.0041  1.63187E-29 0.0040
  1.67796E-29 0.0039  1.74038E-29 0.0038  1.80563E-29 0.0037  1.86926E-29 0.0036
  1.90179E-29 0.0035  1.96110E-29 0.0035  2.03112E-29 0.0034  2.08986E-29 0.0033
  2.18887E-29 0.0032  2.25233E-29 0.0031  2.32620E-29 0.0030  4.88128E-29 0.0022
  2.53763E-29 0.0028  1.29214E-29 0.0037  4.75506E-30 0.0060  2.27300E-30 0.0086
  6.15244E-30 0.0053  5.48481E-29 0.0020  5.75723E-29 0.0019  2.97026E-29 0.0024
  3.06744E-29 0.0024  6.43640E-29 0.0017  6.85290E-29 0.0016  3.62403E-29 0.0021
  3.75698E-29 0.0020  3.87723E-29 0.0020  4.01168E-29 0.0019  4.17025E-29 0.0019
  4.32265E-29 0.0018  4.46905E-29 0.0018  4.63813E-29 0.0017  4.78692E-29 0.0017
  4.96765E-29 0.0017  5.12125E-29 0.0016  5.28904E-29 0.0016  6.39728E-29 0.0014
  4.71601E-29 0.0017  1.17681E-28 0.0011  6.15696E-29 0.0014  6.36301E-29 0.0014
  6.54537E-29 0.0014  6.73919E-29 0.0014  6.93274E-29 0.0014  7.09744E-29 0.0013
  7.31429E-29 0.0013  7.50997E-29 0.0013  7.70619E-29 0.0013  7.91233E-29 0.0013
  8.09481E-29 0.0013  8.29771E-29 0.0012  8.49367E-29 0.0012  8.69065E-29 0.0012
  5.91420E-29 0.0015  2.97297E-29 0.0021  1.49842E-29 0.0029  1.49976E-29 0.0029
  6.07972E-29 0.0015  9.27225E-29 0.0012  9.44784E-29 0.0012  9.64305E-29 0.0012
  9.83920E-29 0.0012  1.00250E-28 0.0012  1.02010E-28 0.0012  2.09264E-28 0.0008
  2.17190E-28 0.0008  2.25402E-28 0.0008  1.16212E-28 0.0011  1.18383E-28 0.0011
  1.21255E-28 0.0011  1.23438E-28 0.0011  1.26374E-28 0.0011  1.29754E-28 0.0010
  1.32994E-28 0.0010  9.03958E-29 0.0012  4.53959E-29 0.0017  1.38637E-28 0.0010
  1.42377E-28 0.0010  1.46560E-28 0.0010  1.51084E-28 0.0009  1.55500E-28 0.0009
  1.60451E-28 0.0009  1.64834E-28 0.0009  1.69947E-28 0.0009  1.75359E-28 0.0008
  1.80725E-28 0.0008  1.85926E-28 0.0008  1.91364E-28 0.0008  9.77328E-29 0.0011
  9.93378E-29 0.0011  2.02918E-28 0.0007  1.03732E-28 0.0010  1.05092E-28 0.0010
  1.06955E-28 0.0010  1.08301E-28 0.0010  2.22166E-28 0.0007  2.29160E-28 0.0007
  1.17809E-28 0.0009  1.19964E-28 0.0009  6.33661E-28 0.0004  9.44896E-27 0.0001
tfc   14       1       1       1       1       1       1     176       1
    4096000  9.45162E-27  3.42766E-04  1.47231E+07
    8192000  9.44952E-27  2.42340E-04  1.47151E+07
   12288000  9.44913E-27  1.97980E-04  1.46846E+07
   16384000  9.44834E-27  1.71407E-04  1.46867E+07
   20480000  9.44776E-27  1.53359E-04  1.46814E+07
   24576000  9.44745E-27  1.39979E-04  1.46811E+07
   28672000  9.44715E-27  1.29627E-04  1.46766E+07
   32768000  9.44705E-27  1.21237E-04  1.46782E+07
   36864000  9.44831E-27  1.14371E-04  1.46451E+07
   40960000  9.44812E-27  1.08511E-04  1.46469E+07
   45056000  9.44814E-27  1.03466E-04  1.46464E+07
   49152000  9.44836E-27  0.00000E+00  1.00000E+30
   53248000  9.44861E-27  0.00000E+00  1.00000E+30
   56799466  9.44896E-27  0.00000E+00  1.00000E+30
