mcnp       5     05/08/13 21:14:52     2    58809428      560337021
 Run-script for NE506 project - Matthew Klebenow                                
ntal     2
    4   14
tally    4    1    0
     Tally of the flux reported in VITAMIN-J 175Gp structure                    
f        1
      1
d        1
u        0
s        0
m        0
c        0
et     176
  1.00001E-07  4.13994E-07  5.31579E-07  6.82560E-07  8.76425E-07  1.12300E-06
  1.44000E-06  1.85539E-06  2.38237E-06  3.05902E-06  3.92786E-06  5.04348E-06
  6.47595E-06  8.31529E-06  1.06770E-05  1.37096E-05  1.76035E-05  2.26033E-05
  2.90232E-05  3.72665E-05  4.78512E-05  6.14421E-05  7.88932E-05  1.01301E-04
  1.30073E-04  1.67017E-04  2.14454E-04  2.75364E-04  3.53575E-04  4.53999E-04
  5.82947E-04  7.48518E-04  9.61117E-04  1.23410E-03  1.58461E-03  2.03468E-03
  2.24867E-03  2.48517E-03  2.61259E-03  2.74654E-03  3.03539E-03  3.35463E-03
  3.70744E-03  4.30742E-03  5.53084E-03  7.10174E-03  9.11882E-03  1.05946E-02
  1.17088E-02  1.50344E-02  1.93045E-02  2.18749E-02  2.35786E-02  2.41755E-02
  2.47875E-02  2.60584E-02  2.70001E-02  2.85011E-02  3.18278E-02  3.43067E-02
  4.08677E-02  4.63092E-02  5.24752E-02  5.65622E-02  6.73795E-02  7.20245E-02
  7.94987E-02  8.25034E-02  8.65170E-02  9.80365E-02  1.11090E-01  1.16786E-01
  1.22773E-01  1.29068E-01  1.35686E-01  1.42642E-01  1.49956E-01  1.57644E-01
  1.65727E-01  1.74224E-01  1.83156E-01  1.92547E-01  2.02419E-01  2.12797E-01
  2.23708E-01  2.35177E-01  2.47235E-01  2.73237E-01  2.87246E-01  2.94518E-01
  2.97211E-01  2.98491E-01  3.01974E-01  3.33733E-01  3.68832E-01  3.87742E-01
  4.07622E-01  4.50492E-01  4.97871E-01  5.23397E-01  5.50232E-01  5.78443E-01
  6.08101E-01  6.39279E-01  6.72055E-01  7.06512E-01  7.42736E-01  7.80817E-01
  8.20850E-01  8.62936E-01  9.07180E-01  9.61672E-01  1.00259E+00  1.10803E+00
  1.16484E+00  1.22456E+00  1.28735E+00  1.35335E+00  1.42274E+00  1.49569E+00
  1.57237E+00  1.65299E+00  1.73774E+00  1.82684E+00  1.92050E+00  2.01897E+00
  2.12248E+00  2.23130E+00  2.30693E+00  2.34570E+00  2.36533E+00  2.38513E+00
  2.46597E+00  2.59240E+00  2.72532E+00  2.86505E+00  3.01194E+00  3.16637E+00
  3.32871E+00  3.67879E+00  4.06570E+00  4.49329E+00  4.72367E+00  4.96585E+00
  5.22046E+00  5.48812E+00  5.76950E+00  6.06531E+00  6.37628E+00  6.59241E+00
  6.70320E+00  7.04688E+00  7.40818E+00  7.78801E+00  8.18731E+00  8.60708E+00
  9.04837E+00  9.51229E+00  1.00000E+01  1.05127E+01  1.10517E+01  1.16183E+01
  1.22140E+01  1.25232E+01  1.28403E+01  1.34986E+01  1.38403E+01  1.41907E+01
  1.45499E+01  1.49182E+01  1.56831E+01  1.64872E+01  1.69046E+01  1.73325E+01
  1.96403E+01
t        0
vals
  4.18519E-11 1.0000  3.26866E-11 0.9507  3.77932E-11 1.0000  2.87794E-11 1.0000
  0.00000E+00 0.0000  0.00000E+00 0.0000  3.82900E-11 1.0000  1.86946E-10 0.5061
  4.25102E-11 1.0000  4.25102E-11 1.0000  1.69139E-10 0.6908  3.04021E-10 0.3766
  2.27696E-10 0.4669  5.56560E-10 0.3189  3.35003E-10 0.3628  4.62566E-10 0.3173
  6.11793E-10 0.2622  4.51499E-10 0.3001  1.08531E-09 0.2067  1.31625E-09 0.1860
  2.29277E-09 0.1572  2.08016E-09 0.1557  3.26342E-09 0.1258  2.73162E-09 0.1277
  4.73682E-09 0.1026  5.76999E-09 0.0908  8.25607E-09 0.0794  9.56393E-09 0.0726
  1.19636E-08 0.0644  1.58307E-08 0.0565  2.18423E-08 0.0470  2.67933E-08 0.0430
  3.25921E-08 0.0387  4.22922E-08 0.0332  5.38911E-08 0.0291  6.84128E-08 0.0256
  3.15907E-08 0.0368  3.53960E-08 0.0347  1.70928E-08 0.0491  2.06316E-08 0.0450
  4.19611E-08 0.0317  4.41493E-08 0.0307  4.90078E-08 0.0292  8.75611E-08 0.0221
  5.19020E-07 0.0102  8.16607E-07 0.0078  1.12541E-07 0.0081  1.84482E-07 0.0096
  1.84861E-07 0.0108  6.51179E-07 0.0089  8.64368E-07 0.0081  4.96915E-07 0.0097
  3.29569E-07 0.0112  1.17974E-07 0.0172  1.22466E-07 0.0170  2.45180E-07 0.0125
  1.82706E-07 0.0143  2.87775E-07 0.0117  6.27997E-07 0.0085  4.61000E-07 0.0096
  1.18238E-06 0.0062  9.31929E-07 0.0067  1.94469E-06 0.0050  3.84283E-07 0.0081
  1.99783E-06 0.0047  1.55282E-06 0.0053  1.03763E-06 0.0059  5.76084E-07 0.0081
  7.61279E-07 0.0072  2.51052E-06 0.0041  2.29595E-06 0.0042  1.13689E-06 0.0060
  1.46934E-06 0.0053  1.69956E-06 0.0050  8.84198E-07 0.0063  1.88179E-06 0.0046
  1.20415E-06 0.0057  1.81288E-06 0.0047  2.80724E-06 0.0038  2.92437E-06 0.0036
  3.76883E-06 0.0032  2.56565E-06 0.0034  1.87742E-06 0.0038  1.86824E-06 0.0040
  2.34951E-06 0.0039  3.50611E-06 0.0033  4.40596E-06 0.0030  5.19161E-06 0.0028
  2.91674E-06 0.0036  1.89069E-06 0.0046  8.88032E-07 0.0067  4.71879E-07 0.0093
  1.35712E-06 0.0055  9.84579E-06 0.0021  7.90297E-06 0.0022  4.24905E-06 0.0030
  6.95235E-06 0.0024  1.12259E-05 0.0020  1.30055E-05 0.0018  8.42591E-06 0.0022
  7.06843E-06 0.0023  8.51604E-06 0.0021  9.14924E-06 0.0021  9.24176E-06 0.0020
  8.83667E-06 0.0020  9.56435E-06 0.0020  1.06854E-05 0.0019  9.13188E-06 0.0020
  1.12377E-05 0.0019  1.15383E-05 0.0018  1.31126E-05 0.0017  1.49929E-05 0.0016
  1.20526E-05 0.0018  2.96051E-05 0.0012  1.55720E-05 0.0016  1.66121E-05 0.0015
  1.67828E-05 0.0015  1.79527E-05 0.0015  1.70740E-05 0.0015  1.85475E-05 0.0015
  1.92173E-05 0.0014  1.88338E-05 0.0014  2.01097E-05 0.0014  2.01789E-05 0.0014
  1.96346E-05 0.0014  2.03764E-05 0.0014  2.18685E-05 0.0013  2.25733E-05 0.0013
  1.47440E-05 0.0016  7.79267E-06 0.0022  3.80598E-06 0.0030  3.64372E-06 0.0031
  1.62196E-05 0.0015  2.31836E-05 0.0013  2.42556E-05 0.0012  2.42565E-05 0.0012
  2.48195E-05 0.0012  2.53816E-05 0.0012  2.55344E-05 0.0012  5.27110E-05 0.0009
  5.49519E-05 0.0008  5.81145E-05 0.0008  3.02425E-05 0.0011  3.12452E-05 0.0011
  3.23549E-05 0.0011  3.33926E-05 0.0011  3.47142E-05 0.0010  3.60569E-05 0.0010
  3.72906E-05 0.0010  2.58319E-05 0.0012  1.31232E-05 0.0017  4.06027E-05 0.0010
  4.24008E-05 0.0010  4.43135E-05 0.0009  4.63396E-05 0.0009  4.85313E-05 0.0009
  5.09835E-05 0.0009  5.33954E-05 0.0008  5.60365E-05 0.0008  5.89400E-05 0.0008
  6.18806E-05 0.0008  6.49005E-05 0.0008  6.81755E-05 0.0007  3.53288E-05 0.0010
  3.62165E-05 0.0010  7.49638E-05 0.0007  3.88405E-05 0.0010  3.97138E-05 0.0010
  4.07126E-05 0.0010  4.15272E-05 0.0010  8.59969E-05 0.0007  9.01232E-05 0.0007
  4.67641E-05 0.0009  4.79673E-05 0.0009  2.56293E-04 0.0004  2.66719E-03 0.0000
tfc   15       1       1       1       1       1       1     176       1
    4096000  2.66747E-03  1.55056E-04  7.35681E+07
    8192000  2.66747E-03  1.09654E-04  7.38774E+07
   12288000  2.66742E-03  0.00000E+00  1.00000E+30
   16384000  2.66734E-03  0.00000E+00  1.00000E+30
   20480000  2.66715E-03  0.00000E+00  1.00000E+30
   24576000  2.66714E-03  0.00000E+00  1.00000E+30
   28672000  2.66712E-03  0.00000E+00  1.00000E+30
   32768000  2.66711E-03  0.00000E+00  1.00000E+30
   36864000  2.66722E-03  0.00000E+00  1.00000E+30
   40960000  2.66719E-03  0.00000E+00  1.00000E+30
   45056000  2.66719E-03  0.00000E+00  1.00000E+30
   49152000  2.66715E-03  0.00000E+00  1.00000E+30
   53248000  2.66718E-03  0.00000E+00  1.00000E+30
   57344000  2.66722E-03  0.00000E+00  1.00000E+30
   58809428  2.66719E-03  0.00000E+00  1.00000E+30
tally   14    1    0
     Tally of the total xs reaction                                             
f        1
      1
d        1
u        0
s        0
m        1
c        0
et     176
  1.00001E-07  4.13994E-07  5.31579E-07  6.82560E-07  8.76425E-07  1.12300E-06
  1.44000E-06  1.85539E-06  2.38237E-06  3.05902E-06  3.92786E-06  5.04348E-06
  6.47595E-06  8.31529E-06  1.06770E-05  1.37096E-05  1.76035E-05  2.26033E-05
  2.90232E-05  3.72665E-05  4.78512E-05  6.14421E-05  7.88932E-05  1.01301E-04
  1.30073E-04  1.67017E-04  2.14454E-04  2.75364E-04  3.53575E-04  4.53999E-04
  5.82947E-04  7.48518E-04  9.61117E-04  1.23410E-03  1.58461E-03  2.03468E-03
  2.24867E-03  2.48517E-03  2.61259E-03  2.74654E-03  3.03539E-03  3.35463E-03
  3.70744E-03  4.30742E-03  5.53084E-03  7.10174E-03  9.11882E-03  1.05946E-02
  1.17088E-02  1.50344E-02  1.93045E-02  2.18749E-02  2.35786E-02  2.41755E-02
  2.47875E-02  2.60584E-02  2.70001E-02  2.85011E-02  3.18278E-02  3.43067E-02
  4.08677E-02  4.63092E-02  5.24752E-02  5.65622E-02  6.73795E-02  7.20245E-02
  7.94987E-02  8.25034E-02  8.65170E-02  9.80365E-02  1.11090E-01  1.16786E-01
  1.22773E-01  1.29068E-01  1.35686E-01  1.42642E-01  1.49956E-01  1.57644E-01
  1.65727E-01  1.74224E-01  1.83156E-01  1.92547E-01  2.02419E-01  2.12797E-01
  2.23708E-01  2.35177E-01  2.47235E-01  2.73237E-01  2.87246E-01  2.94518E-01
  2.97211E-01  2.98491E-01  3.01974E-01  3.33733E-01  3.68832E-01  3.87742E-01
  4.07622E-01  4.50492E-01  4.97871E-01  5.23397E-01  5.50232E-01  5.78443E-01
  6.08101E-01  6.39279E-01  6.72055E-01  7.06512E-01  7.42736E-01  7.80817E-01
  8.20850E-01  8.62936E-01  9.07180E-01  9.61672E-01  1.00259E+00  1.10803E+00
  1.16484E+00  1.22456E+00  1.28735E+00  1.35335E+00  1.42274E+00  1.49569E+00
  1.57237E+00  1.65299E+00  1.73774E+00  1.82684E+00  1.92050E+00  2.01897E+00
  2.12248E+00  2.23130E+00  2.30693E+00  2.34570E+00  2.36533E+00  2.38513E+00
  2.46597E+00  2.59240E+00  2.72532E+00  2.86505E+00  3.01194E+00  3.16637E+00
  3.32871E+00  3.67879E+00  4.06570E+00  4.49329E+00  4.72367E+00  4.96585E+00
  5.22046E+00  5.48812E+00  5.76950E+00  6.06531E+00  6.37628E+00  6.59241E+00
  6.70320E+00  7.04688E+00  7.40818E+00  7.78801E+00  8.18731E+00  8.60708E+00
  9.04837E+00  9.51229E+00  1.00000E+01  1.05127E+01  1.10517E+01  1.16183E+01
  1.22140E+01  1.25232E+01  1.28403E+01  1.34986E+01  1.38403E+01  1.41907E+01
  1.45499E+01  1.49182E+01  1.56831E+01  1.64872E+01  1.69046E+01  1.73325E+01
  1.96403E+01
t        0
vals
  2.45917E-34 1.0000  9.85317E-35 0.9547  1.01544E-34 1.0000  7.57842E-35 1.0000
  0.00000E+00 0.0000  0.00000E+00 0.0000  9.52195E-35 1.0000  4.59184E-34 0.5059
  1.02957E-34 1.0000  1.01471E-34 1.0000  4.01141E-34 0.6911  7.13461E-34 0.3765
  5.29467E-34 0.4670  1.28375E-33 0.3190  7.66364E-34 0.3628  1.05084E-33 0.3173
  1.38171E-33 0.2622  1.01267E-33 0.3001  2.42165E-33 0.2067  2.91732E-33 0.1860
  5.04783E-33 0.1572  4.54245E-33 0.1557  7.06731E-33 0.1258  5.85435E-33 0.1277
  1.00353E-32 0.1026  1.20365E-32 0.0908  1.69104E-32 0.0794  1.91241E-32 0.0727
  2.32050E-32 0.0644  2.95130E-32 0.0565  3.85982E-32 0.0470  4.40462E-32 0.0431
  4.86216E-32 0.0388  5.47096E-32 0.0333  5.67881E-32 0.0292  5.25235E-32 0.0258
  1.71486E-32 0.0370  1.42993E-32 0.0349  5.13103E-33 0.0492  4.85786E-33 0.0452
  5.95706E-33 0.0325  2.16527E-33 0.0333  1.03413E-33 0.0312  1.86300E-32 0.0257
  1.70387E-30 0.0107  1.78420E-29 0.0076  2.14437E-29 0.0080  9.83059E-30 0.0094
  5.39813E-30 0.0108  1.05719E-29 0.0088  7.89280E-30 0.0082  3.18789E-30 0.0097
  1.76756E-30 0.0112  5.78050E-31 0.0173  5.73455E-31 0.0170  1.07180E-30 0.0125
  7.35974E-31 0.0143  1.06204E-30 0.0117  2.01710E-30 0.0087  1.14477E-30 0.0096
  1.96702E-30 0.0064  5.44764E-31 0.0074  4.94084E-30 0.0076  8.34576E-30 0.0077
  4.91575E-30 0.0058  3.80486E-30 0.0086  9.56562E-30 0.0062  1.53833E-30 0.0082
  1.41971E-30 0.0075  1.69072E-30 0.0050  3.15229E-30 0.0071  1.69869E-31 0.0220
  3.48299E-31 0.0184  2.88734E-30 0.0066  5.43192E-30 0.0073  5.50168E-31 0.0135
  5.42749E-30 0.0069  1.28089E-30 0.0089  3.49655E-30 0.0057  1.22513E-29 0.0039
  1.60118E-29 0.0036  2.55545E-29 0.0034  2.53291E-29 0.0038  1.95789E-29 0.0040
  9.60254E-30 0.0044  7.40596E-30 0.0050  1.86001E-29 0.0035  4.31932E-29 0.0028
  8.73654E-30 0.0039  2.89969E-30 0.0066  5.22405E-31 0.0073  7.20603E-32 0.0097
  1.24670E-31 0.0066  3.86195E-29 0.0025  3.56463E-29 0.0025  1.24420E-29 0.0035
  6.09230E-30 0.0037  5.53547E-29 0.0021  4.30351E-29 0.0021  2.60344E-29 0.0025
  3.72883E-29 0.0023  3.39910E-29 0.0023  4.43934E-29 0.0022  4.36300E-29 0.0021
  3.26024E-29 0.0022  3.19180E-29 0.0021  2.60012E-29 0.0021  4.19662E-29 0.0021
  2.76014E-29 0.0020  3.19477E-29 0.0021  3.50956E-29 0.0020  4.66445E-29 0.0017
  3.02528E-29 0.0020  8.70959E-29 0.0013  5.04263E-29 0.0016  4.67227E-29 0.0016
  4.72457E-29 0.0016  4.88702E-29 0.0016  5.34777E-29 0.0016  5.60295E-29 0.0015
  5.59581E-29 0.0015  6.52547E-29 0.0015  6.49867E-29 0.0014  6.61519E-29 0.0014
  6.30993E-29 0.0014  6.34505E-29 0.0014  7.15251E-29 0.0013  7.42018E-29 0.0013
  5.14193E-29 0.0016  2.56112E-29 0.0022  1.35821E-29 0.0030  1.41117E-29 0.0031
  5.12523E-29 0.0015  9.05346E-29 0.0013  8.08810E-29 0.0013  8.76363E-29 0.0013
  8.65148E-29 0.0012  8.67700E-29 0.0012  8.97475E-29 0.0012  1.82388E-28 0.0009
  1.96395E-28 0.0008  2.13187E-28 0.0008  1.12073E-28 0.0011  1.12314E-28 0.0011
  1.19189E-28 0.0011  1.21111E-28 0.0011  1.25498E-28 0.0010  1.29633E-28 0.0010
  1.34858E-28 0.0010  8.98656E-29 0.0012  4.66820E-29 0.0017  1.40529E-28 0.0010
  1.44781E-28 0.0010  1.48714E-28 0.0009  1.52841E-28 0.0009  1.56639E-28 0.0009
  1.61669E-28 0.0009  1.66389E-28 0.0008  1.71389E-28 0.0008  1.76725E-28 0.0008
  1.81791E-28 0.0008  1.86557E-28 0.0008  1.91479E-28 0.0007  9.74370E-29 0.0010
  9.85190E-29 0.0010  1.97784E-28 0.0007  9.91510E-29 0.0010  9.96536E-29 0.0010
  1.00646E-28 0.0010  1.01075E-28 0.0010  2.05396E-28 0.0007  2.10956E-28 0.0007
  1.08240E-28 0.0009  1.10541E-28 0.0009  5.77513E-28 0.0004  8.18141E-27 0.0001
tfc   15       1       1       1       1       1       1     176       1
    4096000  8.18389E-27  3.14887E-04  1.78385E+07
    8192000  8.18329E-27  2.22835E-04  1.78895E+07
   12288000  8.18316E-27  1.81639E-04  1.77391E+07
   16384000  8.18206E-27  1.56637E-04  1.79633E+07
   20480000  8.18082E-27  1.39834E-04  1.80727E+07
   24576000  8.18015E-27  1.27417E-04  1.81678E+07
   28672000  8.18060E-27  1.18236E-04  1.81060E+07
   32768000  8.18052E-27  1.10577E-04  1.81277E+07
   36864000  8.18110E-27  1.04270E-04  1.81333E+07
   40960000  8.18115E-27  0.00000E+00  1.00000E+30
   45056000  8.18092E-27  0.00000E+00  1.00000E+30
   49152000  8.18083E-27  0.00000E+00  1.00000E+30
   53248000  8.18111E-27  0.00000E+00  1.00000E+30
   57344000  8.18136E-27  0.00000E+00  1.00000E+30
   58809428  8.18141E-27  0.00000E+00  1.00000E+30
