mcnp       5     05/08/13 21:10:05     2    56043720      570325801
 Run-script for NE506 project - Matthew Klebenow                                
ntal     2
    4   14
tally    4    1    0
     Tally of the flux reported in VITAMIN-J 175Gp structure                    
f        1
      1
d        1
u        0
s        0
m        0
c        0
et     176
  1.00001E-07  4.13994E-07  5.31579E-07  6.82560E-07  8.76425E-07  1.12300E-06
  1.44000E-06  1.85539E-06  2.38237E-06  3.05902E-06  3.92786E-06  5.04348E-06
  6.47595E-06  8.31529E-06  1.06770E-05  1.37096E-05  1.76035E-05  2.26033E-05
  2.90232E-05  3.72665E-05  4.78512E-05  6.14421E-05  7.88932E-05  1.01301E-04
  1.30073E-04  1.67017E-04  2.14454E-04  2.75364E-04  3.53575E-04  4.53999E-04
  5.82947E-04  7.48518E-04  9.61117E-04  1.23410E-03  1.58461E-03  2.03468E-03
  2.24867E-03  2.48517E-03  2.61259E-03  2.74654E-03  3.03539E-03  3.35463E-03
  3.70744E-03  4.30742E-03  5.53084E-03  7.10174E-03  9.11882E-03  1.05946E-02
  1.17088E-02  1.50344E-02  1.93045E-02  2.18749E-02  2.35786E-02  2.41755E-02
  2.47875E-02  2.60584E-02  2.70001E-02  2.85011E-02  3.18278E-02  3.43067E-02
  4.08677E-02  4.63092E-02  5.24752E-02  5.65622E-02  6.73795E-02  7.20245E-02
  7.94987E-02  8.25034E-02  8.65170E-02  9.80365E-02  1.11090E-01  1.16786E-01
  1.22773E-01  1.29068E-01  1.35686E-01  1.42642E-01  1.49956E-01  1.57644E-01
  1.65727E-01  1.74224E-01  1.83156E-01  1.92547E-01  2.02419E-01  2.12797E-01
  2.23708E-01  2.35177E-01  2.47235E-01  2.73237E-01  2.87246E-01  2.94518E-01
  2.97211E-01  2.98491E-01  3.01974E-01  3.33733E-01  3.68832E-01  3.87742E-01
  4.07622E-01  4.50492E-01  4.97871E-01  5.23397E-01  5.50232E-01  5.78443E-01
  6.08101E-01  6.39279E-01  6.72055E-01  7.06512E-01  7.42736E-01  7.80817E-01
  8.20850E-01  8.62936E-01  9.07180E-01  9.61672E-01  1.00259E+00  1.10803E+00
  1.16484E+00  1.22456E+00  1.28735E+00  1.35335E+00  1.42274E+00  1.49569E+00
  1.57237E+00  1.65299E+00  1.73774E+00  1.82684E+00  1.92050E+00  2.01897E+00
  2.12248E+00  2.23130E+00  2.30693E+00  2.34570E+00  2.36533E+00  2.38513E+00
  2.46597E+00  2.59240E+00  2.72532E+00  2.86505E+00  3.01194E+00  3.16637E+00
  3.32871E+00  3.67879E+00  4.06570E+00  4.49329E+00  4.72367E+00  4.96585E+00
  5.22046E+00  5.48812E+00  5.76950E+00  6.06531E+00  6.37628E+00  6.59241E+00
  6.70320E+00  7.04688E+00  7.40818E+00  7.78801E+00  8.18731E+00  8.60708E+00
  9.04837E+00  9.51229E+00  1.00000E+01  1.05127E+01  1.10517E+01  1.16183E+01
  1.22140E+01  1.25232E+01  1.28403E+01  1.34986E+01  1.38403E+01  1.41907E+01
  1.45499E+01  1.49182E+01  1.56831E+01  1.64872E+01  1.69046E+01  1.73325E+01
  1.96403E+01
t        0
vals
  6.17468E-11 1.0000  3.65129E-11 1.0000  5.06757E-11 0.9612  0.00000E+00 0.0000
  4.60883E-11 1.0000  0.00000E+00 0.0000  7.39443E-11 0.7075  2.21327E-10 0.4734
  4.46080E-11 1.0000  1.26914E-10 0.5862  1.73631E-10 0.6712  3.76388E-10 0.4140
  2.68982E-10 0.4397  6.15698E-10 0.3286  4.71130E-10 0.3779  6.08396E-10 0.3098
  7.00313E-10 0.2475  5.40122E-10 0.2801  1.39257E-09 0.1974  1.72445E-09 0.1705
  2.48578E-09 0.1452  2.78848E-09 0.1455  3.79462E-09 0.1206  3.86761E-09 0.1126
  6.43005E-09 0.0907  7.46524E-09 0.0883  1.03547E-08 0.0745  1.18884E-08 0.0678
  1.50466E-08 0.0596  1.95646E-08 0.0532  2.81008E-08 0.0445  3.42754E-08 0.0404
  4.36890E-08 0.0358  5.53025E-08 0.0318  7.53109E-08 0.0269  9.46057E-08 0.0243
  4.28156E-08 0.0340  4.62458E-08 0.0325  2.44740E-08 0.0422  2.79300E-08 0.0397
  6.04160E-08 0.0287  6.43257E-08 0.0276  6.91947E-08 0.0268  1.16343E-07 0.0209
  2.44647E-07 0.0147  2.94785E-07 0.0131  3.69036E-07 0.0112  4.74479E-07 0.0107
  1.58291E-07 0.0147  6.77729E-07 0.0091  8.74794E-07 0.0078  5.07791E-07 0.0098
  3.43442E-07 0.0116  1.21768E-07 0.0190  1.30641E-07 0.0183  2.79047E-07 0.0127
  1.98835E-07 0.0149  3.19431E-07 0.0119  7.41363E-07 0.0078  6.57474E-07 0.0084
  4.47782E-06 0.0037  1.17117E-06 0.0044  1.21935E-06 0.0051  9.81028E-07 0.0061
  3.33918E-06 0.0039  9.09169E-07 0.0064  1.84189E-06 0.0050  1.12445E-06 0.0064
  3.49915E-06 0.0036  4.75672E-06 0.0031  3.70694E-06 0.0034  2.36156E-06 0.0041
  3.21908E-06 0.0036  2.05974E-06 0.0039  2.38773E-06 0.0039  2.37670E-06 0.0039
  2.48394E-06 0.0039  2.44272E-06 0.0040  2.70618E-06 0.0039  3.55180E-06 0.0035
  3.87884E-06 0.0034  2.95240E-06 0.0036  3.17712E-06 0.0036  3.34289E-06 0.0036
  3.44866E-06 0.0036  5.76303E-06 0.0028  5.53231E-06 0.0028  1.25718E-05 0.0020
  5.01386E-06 0.0027  2.85267E-06 0.0035  1.26454E-06 0.0052  6.12663E-07 0.0075
  1.70332E-06 0.0046  1.45460E-05 0.0018  1.60033E-05 0.0017  7.87904E-06 0.0023
  8.70682E-06 0.0022  1.72253E-05 0.0017  2.01322E-05 0.0015  1.03766E-05 0.0020
  1.11664E-05 0.0020  1.11594E-05 0.0020  1.22658E-05 0.0019  1.45095E-05 0.0018
  1.54579E-05 0.0017  1.58623E-05 0.0016  1.64360E-05 0.0016  1.59647E-05 0.0016
  1.64786E-05 0.0016  1.70095E-05 0.0016  1.75358E-05 0.0016  2.28450E-05 0.0014
  1.63438E-05 0.0016  4.09112E-05 0.0011  2.20258E-05 0.0014  2.37136E-05 0.0013
  2.27604E-05 0.0014  2.43305E-05 0.0013  2.44293E-05 0.0013  2.53937E-05 0.0013
  2.64436E-05 0.0013  2.64638E-05 0.0013  2.73735E-05 0.0013  2.81112E-05 0.0012
  2.75615E-05 0.0012  2.78341E-05 0.0012  2.85833E-05 0.0012  2.90257E-05 0.0012
  1.97462E-05 0.0015  9.67584E-06 0.0020  5.12545E-06 0.0028  5.13201E-06 0.0028
  2.00765E-05 0.0014  2.94906E-05 0.0012  2.99996E-05 0.0012  2.97923E-05 0.0012
  3.02161E-05 0.0012  3.00868E-05 0.0012  3.01668E-05 0.0012  6.09747E-05 0.0008
  6.19302E-05 0.0008  6.31560E-05 0.0008  3.22911E-05 0.0011  3.28094E-05 0.0011
  3.36077E-05 0.0011  3.43697E-05 0.0011  3.52639E-05 0.0011  3.62927E-05 0.0011
  3.74612E-05 0.0011  2.56902E-05 0.0013  1.30479E-05 0.0018  4.02897E-05 0.0010
  4.18230E-05 0.0010  4.35808E-05 0.0010  4.54030E-05 0.0010  4.73931E-05 0.0009
  4.97005E-05 0.0009  5.19344E-05 0.0009  5.45158E-05 0.0009  5.74088E-05 0.0009
  6.02315E-05 0.0008  6.32096E-05 0.0008  6.64841E-05 0.0008  3.45632E-05 0.0011
  3.55376E-05 0.0011  7.38684E-05 0.0007  3.84002E-05 0.0010  3.93661E-05 0.0010
  4.05017E-05 0.0010  4.13803E-05 0.0010  8.59466E-05 0.0007  9.03254E-05 0.0007
  4.69897E-05 0.0009  4.82562E-05 0.0009  2.59502E-04 0.0004  2.97588E-03 0.0001
tfc   14       1       1       1       1       1       1     176       1
    4096000  2.97529E-03  2.17664E-04  3.58086E+07
    8192000  2.97574E-03  1.54013E-04  3.57719E+07
   12288000  2.97607E-03  1.25768E-04  3.57573E+07
   16384000  2.97586E-03  1.08892E-04  3.57766E+07
   20480000  2.97584E-03  0.00000E+00  1.00000E+30
   24576000  2.97595E-03  0.00000E+00  1.00000E+30
   28672000  2.97589E-03  0.00000E+00  1.00000E+30
   32768000  2.97588E-03  0.00000E+00  1.00000E+30
   36864000  2.97599E-03  0.00000E+00  1.00000E+30
   40960000  2.97590E-03  0.00000E+00  1.00000E+30
   45056000  2.97591E-03  0.00000E+00  1.00000E+30
   49152000  2.97586E-03  0.00000E+00  1.00000E+30
   53248000  2.97584E-03  0.00000E+00  1.00000E+30
   56043720  2.97588E-03  0.00000E+00  1.00000E+30
tally   14    1    0
     Tally of the total xs reaction                                             
f        1
      1
d        1
u        0
s        0
m        1
c        0
et     176
  1.00001E-07  4.13994E-07  5.31579E-07  6.82560E-07  8.76425E-07  1.12300E-06
  1.44000E-06  1.85539E-06  2.38237E-06  3.05902E-06  3.92786E-06  5.04348E-06
  6.47595E-06  8.31529E-06  1.06770E-05  1.37096E-05  1.76035E-05  2.26033E-05
  2.90232E-05  3.72665E-05  4.78512E-05  6.14421E-05  7.88932E-05  1.01301E-04
  1.30073E-04  1.67017E-04  2.14454E-04  2.75364E-04  3.53575E-04  4.53999E-04
  5.82947E-04  7.48518E-04  9.61117E-04  1.23410E-03  1.58461E-03  2.03468E-03
  2.24867E-03  2.48517E-03  2.61259E-03  2.74654E-03  3.03539E-03  3.35463E-03
  3.70744E-03  4.30742E-03  5.53084E-03  7.10174E-03  9.11882E-03  1.05946E-02
  1.17088E-02  1.50344E-02  1.93045E-02  2.18749E-02  2.35786E-02  2.41755E-02
  2.47875E-02  2.60584E-02  2.70001E-02  2.85011E-02  3.18278E-02  3.43067E-02
  4.08677E-02  4.63092E-02  5.24752E-02  5.65622E-02  6.73795E-02  7.20245E-02
  7.94987E-02  8.25034E-02  8.65170E-02  9.80365E-02  1.11090E-01  1.16786E-01
  1.22773E-01  1.29068E-01  1.35686E-01  1.42642E-01  1.49956E-01  1.57644E-01
  1.65727E-01  1.74224E-01  1.83156E-01  1.92547E-01  2.02419E-01  2.12797E-01
  2.23708E-01  2.35177E-01  2.47235E-01  2.73237E-01  2.87246E-01  2.94518E-01
  2.97211E-01  2.98491E-01  3.01974E-01  3.33733E-01  3.68832E-01  3.87742E-01
  4.07622E-01  4.50492E-01  4.97871E-01  5.23397E-01  5.50232E-01  5.78443E-01
  6.08101E-01  6.39279E-01  6.72055E-01  7.06512E-01  7.42736E-01  7.80817E-01
  8.20850E-01  8.62936E-01  9.07180E-01  9.61672E-01  1.00259E+00  1.10803E+00
  1.16484E+00  1.22456E+00  1.28735E+00  1.35335E+00  1.42274E+00  1.49569E+00
  1.57237E+00  1.65299E+00  1.73774E+00  1.82684E+00  1.92050E+00  2.01897E+00
  2.12248E+00  2.23130E+00  2.30693E+00  2.34570E+00  2.36533E+00  2.38513E+00
  2.46597E+00  2.59240E+00  2.72532E+00  2.86505E+00  3.01194E+00  3.16637E+00
  3.32871E+00  3.67879E+00  4.06570E+00  4.49329E+00  4.72367E+00  4.96585E+00
  5.22046E+00  5.48812E+00  5.76950E+00  6.06531E+00  6.37628E+00  6.59241E+00
  6.70320E+00  7.04688E+00  7.40818E+00  7.78801E+00  8.18731E+00  8.60708E+00
  9.04837E+00  9.51229E+00  1.00000E+01  1.05127E+01  1.10517E+01  1.16183E+01
  1.22140E+01  1.25232E+01  1.28403E+01  1.34986E+01  1.38403E+01  1.41907E+01
  1.45499E+01  1.49182E+01  1.56831E+01  1.64872E+01  1.69046E+01  1.73325E+01
  1.96403E+01
t        0
vals
  2.39868E-34 1.0000  1.29065E-34 1.0000  1.70999E-34 0.9612  0.00000E+00 0.0000
  1.52519E-34 1.0000  0.00000E+00 0.0000  2.40812E-34 0.7075  7.17112E-34 0.4732
  1.43751E-34 1.0000  4.06763E-34 0.5862  5.55052E-34 0.6712  1.19850E-33 0.4139
  8.53421E-34 0.4397  1.94774E-33 0.3286  1.48585E-33 0.3780  1.91362E-33 0.3098
  2.19738E-33 0.2475  1.69062E-33 0.2800  4.34992E-33 0.1974  5.37487E-33 0.1705
  7.72907E-33 0.1452  8.65019E-33 0.1455  1.17396E-32 0.1206  1.19317E-32 0.1126
  1.97791E-32 0.0907  2.28856E-32 0.0883  3.16415E-32 0.0745  3.96781E-32 0.0697
  4.59996E-32 0.0596  6.74599E-32 0.0536  8.36566E-32 0.0445  1.00904E-31 0.0404
  1.26864E-31 0.0358  1.57667E-31 0.0318  2.09700E-31 0.0269  2.55304E-31 0.0243
  1.12429E-31 0.0340  1.19172E-31 0.0325  6.20380E-32 0.0422  6.99887E-32 0.0397
  1.49011E-31 0.0287  1.53451E-31 0.0276  1.59509E-31 0.0268  2.54168E-31 0.0209
  4.73036E-31 0.0147  4.61360E-31 0.0146  2.07544E-31 0.0133  3.53019E-30 0.0132
  2.91883E-30 0.0143  3.20828E-30 0.0094  2.06996E-30 0.0079  7.86657E-31 0.0100
  3.84362E-31 0.0117  1.12207E-31 0.0190  1.07278E-31 0.0183  1.99723E-31 0.0136
  1.41358E-31 0.0268  1.08243E-31 0.0120  9.01646E-32 0.0251  7.87920E-32 0.0107
  2.51573E-29 0.0040  4.79792E-29 0.0044  3.18802E-29 0.0050  1.19800E-29 0.0061
  1.43374E-29 0.0046  9.18024E-30 0.0065  4.89251E-30 0.0054  4.72829E-31 0.0073
  2.20487E-30 0.0047  7.03803E-29 0.0032  4.96257E-29 0.0034  1.50048E-29 0.0041
  1.59506E-29 0.0045  2.80357E-29 0.0039  2.28183E-29 0.0039  1.77325E-29 0.0039
  1.59118E-29 0.0039  1.51131E-29 0.0041  1.27331E-29 0.0039  1.03920E-29 0.0036
  1.79358E-29 0.0042  1.84858E-29 0.0036  1.35354E-29 0.0036  1.05295E-29 0.0036
  6.84492E-30 0.0038  3.83535E-30 0.0035  2.84554E-29 0.0031  6.76451E-29 0.0022
  4.58886E-29 0.0027  2.01300E-29 0.0035  7.66705E-30 0.0052  3.44798E-30 0.0075
  8.47234E-30 0.0046  7.89704E-29 0.0019  8.82233E-29 0.0018  4.09423E-29 0.0023
  3.97030E-29 0.0022  7.72003E-29 0.0017  6.39468E-29 0.0016  3.59994E-29 0.0021
  3.16912E-29 0.0021  3.23722E-29 0.0022  2.50051E-29 0.0020  2.51344E-29 0.0020
  3.04333E-29 0.0020  4.26773E-29 0.0019  5.27230E-29 0.0018  6.39143E-29 0.0017
  6.04684E-29 0.0017  4.45022E-29 0.0017  4.58950E-29 0.0017  4.22044E-29 0.0015
  4.60882E-29 0.0017  1.05445E-28 0.0011  5.15202E-29 0.0015  5.28490E-29 0.0015
  6.96188E-29 0.0014  7.17180E-29 0.0014  6.39287E-29 0.0014  7.88210E-29 0.0014
  8.57715E-29 0.0013  7.71446E-29 0.0013  7.37961E-29 0.0013  7.36786E-29 0.0013
  7.87459E-29 0.0013  8.92435E-29 0.0013  9.50763E-29 0.0012  9.00867E-29 0.0012
  5.52281E-29 0.0015  3.27284E-29 0.0021  1.28777E-29 0.0028  1.50108E-29 0.0028
  6.93765E-29 0.0015  1.10917E-28 0.0012  9.83060E-29 0.0012  1.00201E-28 0.0012
  9.86054E-29 0.0012  1.05935E-28 0.0012  1.01971E-28 0.0012  2.07358E-28 0.0008
  2.22222E-28 0.0008  2.31321E-28 0.0008  1.20768E-28 0.0011  1.21776E-28 0.0011
  1.23534E-28 0.0011  1.27059E-28 0.0011  1.29575E-28 0.0011  1.33250E-28 0.0011
  1.35648E-28 0.0011  9.42070E-29 0.0013  4.75189E-29 0.0018  1.44695E-28 0.0010
  1.49192E-28 0.0010  1.52724E-28 0.0010  1.56020E-28 0.0010  1.60264E-28 0.0009
  1.61953E-28 0.0009  1.67868E-28 0.0009  1.72407E-28 0.0009  1.77359E-28 0.0009
  1.81653E-28 0.0008  1.85476E-28 0.0008  1.88473E-28 0.0008  9.52708E-29 0.0011
  9.68670E-29 0.0011  1.98241E-28 0.0007  1.01040E-28 0.0010  1.02181E-28 0.0010
  1.03508E-28 0.0010  1.04256E-28 0.0010  2.12126E-28 0.0007  2.16805E-28 0.0007
  1.10424E-28 0.0009  1.12017E-28 0.0009  5.91444E-28 0.0004  9.35503E-27 0.0001
tfc   14       1       1       1       1       1       1     176       1
    4096000  9.35606E-27  3.52056E-04  1.36880E+07
    8192000  9.35582E-27  2.48855E-04  1.37013E+07
   12288000  9.35664E-27  2.03300E-04  1.36846E+07
   16384000  9.35569E-27  1.76059E-04  1.36858E+07
   20480000  9.35508E-27  1.57477E-04  1.36851E+07
   24576000  9.35515E-27  1.43820E-04  1.36733E+07
   28672000  9.35476E-27  1.33108E-04  1.36786E+07
   32768000  9.35453E-27  1.24445E-04  1.36939E+07
   36864000  9.35546E-27  1.17391E-04  1.36785E+07
   40960000  9.35503E-27  1.11331E-04  1.36862E+07
   45056000  9.35491E-27  1.06147E-04  1.36876E+07
   49152000  9.35486E-27  1.01634E-04  1.36852E+07
   53248000  9.35471E-27  0.00000E+00  1.00000E+30
   56043720  9.35503E-27  0.00000E+00  1.00000E+30
