mcnp       5     05/08/13 21:11:22     2    55919829      597383807
 Run-script for NE506 project - Matthew Klebenow                                
ntal     2
    4   14
tally    4    1    0
     Tally of the flux reported in VITAMIN-J 175Gp structure                    
f        1
      1
d        1
u        0
s        0
m        0
c        0
et     176
  1.00001E-07  4.13994E-07  5.31579E-07  6.82560E-07  8.76425E-07  1.12300E-06
  1.44000E-06  1.85539E-06  2.38237E-06  3.05902E-06  3.92786E-06  5.04348E-06
  6.47595E-06  8.31529E-06  1.06770E-05  1.37096E-05  1.76035E-05  2.26033E-05
  2.90232E-05  3.72665E-05  4.78512E-05  6.14421E-05  7.88932E-05  1.01301E-04
  1.30073E-04  1.67017E-04  2.14454E-04  2.75364E-04  3.53575E-04  4.53999E-04
  5.82947E-04  7.48518E-04  9.61117E-04  1.23410E-03  1.58461E-03  2.03468E-03
  2.24867E-03  2.48517E-03  2.61259E-03  2.74654E-03  3.03539E-03  3.35463E-03
  3.70744E-03  4.30742E-03  5.53084E-03  7.10174E-03  9.11882E-03  1.05946E-02
  1.17088E-02  1.50344E-02  1.93045E-02  2.18749E-02  2.35786E-02  2.41755E-02
  2.47875E-02  2.60584E-02  2.70001E-02  2.85011E-02  3.18278E-02  3.43067E-02
  4.08677E-02  4.63092E-02  5.24752E-02  5.65622E-02  6.73795E-02  7.20245E-02
  7.94987E-02  8.25034E-02  8.65170E-02  9.80365E-02  1.11090E-01  1.16786E-01
  1.22773E-01  1.29068E-01  1.35686E-01  1.42642E-01  1.49956E-01  1.57644E-01
  1.65727E-01  1.74224E-01  1.83156E-01  1.92547E-01  2.02419E-01  2.12797E-01
  2.23708E-01  2.35177E-01  2.47235E-01  2.73237E-01  2.87246E-01  2.94518E-01
  2.97211E-01  2.98491E-01  3.01974E-01  3.33733E-01  3.68832E-01  3.87742E-01
  4.07622E-01  4.50492E-01  4.97871E-01  5.23397E-01  5.50232E-01  5.78443E-01
  6.08101E-01  6.39279E-01  6.72055E-01  7.06512E-01  7.42736E-01  7.80817E-01
  8.20850E-01  8.62936E-01  9.07180E-01  9.61672E-01  1.00259E+00  1.10803E+00
  1.16484E+00  1.22456E+00  1.28735E+00  1.35335E+00  1.42274E+00  1.49569E+00
  1.57237E+00  1.65299E+00  1.73774E+00  1.82684E+00  1.92050E+00  2.01897E+00
  2.12248E+00  2.23130E+00  2.30693E+00  2.34570E+00  2.36533E+00  2.38513E+00
  2.46597E+00  2.59240E+00  2.72532E+00  2.86505E+00  3.01194E+00  3.16637E+00
  3.32871E+00  3.67879E+00  4.06570E+00  4.49329E+00  4.72367E+00  4.96585E+00
  5.22046E+00  5.48812E+00  5.76950E+00  6.06531E+00  6.37628E+00  6.59241E+00
  6.70320E+00  7.04688E+00  7.40818E+00  7.78801E+00  8.18731E+00  8.60708E+00
  9.04837E+00  9.51229E+00  1.00000E+01  1.05127E+01  1.10517E+01  1.16183E+01
  1.22140E+01  1.25232E+01  1.28403E+01  1.34986E+01  1.38403E+01  1.41907E+01
  1.45499E+01  1.49182E+01  1.56831E+01  1.64872E+01  1.69046E+01  1.73325E+01
  1.96403E+01
t        0
vals
  6.43524E-11 1.0000  9.07216E-11 0.6946  0.00000E+00 0.0000  4.27574E-11 1.0000
  0.00000E+00 0.0000  0.00000E+00 0.0000  1.08419E-10 0.7425  2.31341E-10 0.4721
  4.47069E-11 1.0000  5.73230E-11 0.8104  2.77810E-10 0.5427  3.12064E-10 0.3841
  3.54667E-10 0.3682  5.37497E-10 0.3289  5.63158E-10 0.3394  6.00661E-10 0.3077
  7.51651E-10 0.2397  5.22784E-10 0.2980  1.47845E-09 0.1993  1.60880E-09 0.1679
  2.54699E-09 0.1491  2.29905E-09 0.1603  4.36774E-09 0.1104  4.23857E-09 0.1075
  6.54274E-09 0.0920  7.00961E-09 0.0905  1.10051E-08 0.0730  1.30449E-08 0.0663
  1.69199E-08 0.0580  2.16996E-08 0.0506  2.99788E-08 0.0431  3.46788E-08 0.0396
  4.44250E-08 0.0351  6.02676E-08 0.0307  7.97712E-08 0.0263  1.04475E-07 0.0232
  4.74392E-08 0.0320  5.15823E-08 0.0306  2.90699E-08 0.0382  3.26474E-08 0.0361
  6.67026E-08 0.0269  7.34079E-08 0.0260  7.96500E-08 0.0247  1.37347E-07 0.0195
  3.06667E-07 0.0139  3.99849E-07 0.0123  5.36172E-07 0.0106  4.03044E-07 0.0116
  2.95837E-07 0.0127  8.29503E-07 0.0085  1.04812E-06 0.0074  1.14764E-06 0.0067
  4.83397E-07 0.0085  9.45668E-08 0.0128  1.42889E-07 0.0127  3.57562E-07 0.0094
  2.92824E-07 0.0105  4.67512E-07 0.0089  1.07672E-06 0.0067  8.09630E-07 0.0073
  2.14852E-06 0.0050  1.87106E-06 0.0052  2.10095E-06 0.0049  1.31485E-06 0.0058
  3.60348E-06 0.0039  1.56036E-06 0.0053  2.54699E-06 0.0043  1.05517E-06 0.0062
  1.42695E-06 0.0054  4.12261E-06 0.0035  5.31750E-06 0.0031  4.05246E-06 0.0033
  1.79655E-06 0.0040  2.07831E-06 0.0040  2.49369E-06 0.0039  2.53307E-06 0.0039
  2.70257E-06 0.0038  2.91437E-06 0.0038  3.28963E-06 0.0036  4.42312E-06 0.0031
  3.11598E-06 0.0035  3.51206E-06 0.0034  3.77649E-06 0.0033  3.80277E-06 0.0033
  4.04137E-06 0.0033  4.23023E-06 0.0032  4.55921E-06 0.0031  1.16361E-05 0.0020
  6.66034E-06 0.0025  2.17973E-06 0.0039  9.02147E-07 0.0062  4.49020E-07 0.0088
  1.29860E-06 0.0054  1.64820E-05 0.0017  1.40802E-05 0.0018  8.32079E-06 0.0023
  7.72072E-06 0.0023  1.83681E-05 0.0016  2.10986E-05 0.0015  9.65561E-06 0.0021
  1.16006E-05 0.0020  1.44041E-05 0.0018  1.69507E-05 0.0016  1.49331E-05 0.0017
  1.61578E-05 0.0016  1.73774E-05 0.0015  1.71062E-05 0.0016  1.70833E-05 0.0015
  1.84376E-05 0.0015  1.87223E-05 0.0015  1.78232E-05 0.0015  2.26539E-05 0.0014
  1.80101E-05 0.0015  4.24957E-05 0.0010  2.42560E-05 0.0013  2.51357E-05 0.0013
  2.49985E-05 0.0013  2.39212E-05 0.0013  2.54526E-05 0.0013  2.70333E-05 0.0012
  2.76636E-05 0.0012  2.61462E-05 0.0012  2.90325E-05 0.0012  2.81490E-05 0.0012
  2.86825E-05 0.0012  2.86525E-05 0.0012  2.88831E-05 0.0012  2.89387E-05 0.0012
  2.02393E-05 0.0014  1.02113E-05 0.0020  4.58755E-06 0.0029  5.02681E-06 0.0028
  2.01327E-05 0.0014  2.99471E-05 0.0012  3.04653E-05 0.0012  3.05411E-05 0.0012
  3.05535E-05 0.0012  3.06901E-05 0.0012  3.05152E-05 0.0012  6.23546E-05 0.0008
  6.25185E-05 0.0008  6.42808E-05 0.0008  3.31402E-05 0.0011  3.36916E-05 0.0011
  3.44709E-05 0.0011  3.53640E-05 0.0011  3.62062E-05 0.0011  3.73855E-05 0.0011
  3.85831E-05 0.0010  2.65051E-05 0.0013  1.34522E-05 0.0017  4.13674E-05 0.0010
  4.29517E-05 0.0010  4.46531E-05 0.0010  4.65838E-05 0.0009  4.84782E-05 0.0009
  5.06766E-05 0.0009  5.27438E-05 0.0009  5.52144E-05 0.0009  5.78153E-05 0.0008
  6.04866E-05 0.0008  6.32461E-05 0.0008  6.62026E-05 0.0008  3.43268E-05 0.0011
  3.52364E-05 0.0011  7.29941E-05 0.0008  3.78874E-05 0.0010  3.88019E-05 0.0010
  3.99192E-05 0.0010  4.09149E-05 0.0010  8.52139E-05 0.0007  8.93680E-05 0.0007
  4.64731E-05 0.0009  4.76316E-05 0.0009  2.55869E-04 0.0004  3.02552E-03 0.0001
tfc   14       1       1       1       1       1       1     176       1
    4096000  3.02554E-03  2.27163E-04  3.27507E+07
    8192000  3.02569E-03  1.60724E-04  3.27304E+07
   12288000  3.02572E-03  1.31234E-04  3.27296E+07
   16384000  3.02557E-03  1.13657E-04  3.27209E+07
   20480000  3.02555E-03  1.01637E-04  3.27382E+07
   24576000  3.02561E-03  0.00000E+00  1.00000E+30
   28672000  3.02556E-03  0.00000E+00  1.00000E+30
   32768000  3.02553E-03  0.00000E+00  1.00000E+30
   36864000  3.02564E-03  0.00000E+00  1.00000E+30
   40960000  3.02553E-03  0.00000E+00  1.00000E+30
   45056000  3.02552E-03  0.00000E+00  1.00000E+30
   49152000  3.02552E-03  0.00000E+00  1.00000E+30
   53248000  3.02549E-03  0.00000E+00  1.00000E+30
   55919829  3.02552E-03  0.00000E+00  1.00000E+30
tally   14    1    0
     Tally of the total xs reaction                                             
f        1
      1
d        1
u        0
s        0
m        1
c        0
et     176
  1.00001E-07  4.13994E-07  5.31579E-07  6.82560E-07  8.76425E-07  1.12300E-06
  1.44000E-06  1.85539E-06  2.38237E-06  3.05902E-06  3.92786E-06  5.04348E-06
  6.47595E-06  8.31529E-06  1.06770E-05  1.37096E-05  1.76035E-05  2.26033E-05
  2.90232E-05  3.72665E-05  4.78512E-05  6.14421E-05  7.88932E-05  1.01301E-04
  1.30073E-04  1.67017E-04  2.14454E-04  2.75364E-04  3.53575E-04  4.53999E-04
  5.82947E-04  7.48518E-04  9.61117E-04  1.23410E-03  1.58461E-03  2.03468E-03
  2.24867E-03  2.48517E-03  2.61259E-03  2.74654E-03  3.03539E-03  3.35463E-03
  3.70744E-03  4.30742E-03  5.53084E-03  7.10174E-03  9.11882E-03  1.05946E-02
  1.17088E-02  1.50344E-02  1.93045E-02  2.18749E-02  2.35786E-02  2.41755E-02
  2.47875E-02  2.60584E-02  2.70001E-02  2.85011E-02  3.18278E-02  3.43067E-02
  4.08677E-02  4.63092E-02  5.24752E-02  5.65622E-02  6.73795E-02  7.20245E-02
  7.94987E-02  8.25034E-02  8.65170E-02  9.80365E-02  1.11090E-01  1.16786E-01
  1.22773E-01  1.29068E-01  1.35686E-01  1.42642E-01  1.49956E-01  1.57644E-01
  1.65727E-01  1.74224E-01  1.83156E-01  1.92547E-01  2.02419E-01  2.12797E-01
  2.23708E-01  2.35177E-01  2.47235E-01  2.73237E-01  2.87246E-01  2.94518E-01
  2.97211E-01  2.98491E-01  3.01974E-01  3.33733E-01  3.68832E-01  3.87742E-01
  4.07622E-01  4.50492E-01  4.97871E-01  5.23397E-01  5.50232E-01  5.78443E-01
  6.08101E-01  6.39279E-01  6.72055E-01  7.06512E-01  7.42736E-01  7.80817E-01
  8.20850E-01  8.62936E-01  9.07180E-01  9.61672E-01  1.00259E+00  1.10803E+00
  1.16484E+00  1.22456E+00  1.28735E+00  1.35335E+00  1.42274E+00  1.49569E+00
  1.57237E+00  1.65299E+00  1.73774E+00  1.82684E+00  1.92050E+00  2.01897E+00
  2.12248E+00  2.23130E+00  2.30693E+00  2.34570E+00  2.36533E+00  2.38513E+00
  2.46597E+00  2.59240E+00  2.72532E+00  2.86505E+00  3.01194E+00  3.16637E+00
  3.32871E+00  3.67879E+00  4.06570E+00  4.49329E+00  4.72367E+00  4.96585E+00
  5.22046E+00  5.48812E+00  5.76950E+00  6.06531E+00  6.37628E+00  6.59241E+00
  6.70320E+00  7.04688E+00  7.40818E+00  7.78801E+00  8.18731E+00  8.60708E+00
  9.04837E+00  9.51229E+00  1.00000E+01  1.05127E+01  1.10517E+01  1.16183E+01
  1.22140E+01  1.25232E+01  1.28403E+01  1.34986E+01  1.38403E+01  1.41907E+01
  1.45499E+01  1.49182E+01  1.56831E+01  1.64872E+01  1.69046E+01  1.73325E+01
  1.96403E+01
t        0
vals
  1.99961E-34 1.0000  2.41658E-34 0.6945  0.00000E+00 0.0000  1.11646E-34 1.0000
  0.00000E+00 0.0000  0.00000E+00 0.0000  2.80846E-34 0.7425  5.97850E-34 0.4721
  1.15298E-34 1.0000  1.47543E-34 0.8103  7.14112E-34 0.5427  8.01110E-34 0.3841
  9.09307E-34 0.3682  1.37639E-33 0.3289  1.44061E-33 0.3394  1.53490E-33 0.3077
  1.91917E-33 0.2397  1.33372E-33 0.2980  3.76908E-33 0.1993  4.09814E-33 0.1679
  6.48296E-33 0.1491  5.84704E-33 0.1603  1.10980E-32 0.1104  1.07596E-32 0.1075
  1.65900E-32 0.0920  1.77487E-32 0.0905  2.78213E-32 0.0730  3.29117E-32 0.0663
  4.25807E-32 0.0580  5.44406E-32 0.0506  7.49060E-32 0.0431  8.61959E-32 0.0396
  1.09697E-31 0.0351  1.50519E-31 0.0307  2.08829E-31 0.0263  2.89857E-31 0.0232
  1.37765E-31 0.0320  1.54300E-31 0.0306  8.90150E-32 0.0382  1.01609E-31 0.0361
  2.13031E-31 0.0269  2.43109E-31 0.0260  2.74079E-31 0.0247  4.97682E-31 0.0195
  1.21709E-30 0.0139  1.79373E-30 0.0123  2.74523E-30 0.0106  2.33066E-30 0.0117
  1.76744E-30 0.0127  4.47564E-30 0.0085  4.31345E-30 0.0075  3.07326E-30 0.0067
  7.86145E-30 0.0081  2.61924E-30 0.0126  2.25700E-30 0.0126  3.91816E-30 0.0095
  2.51336E-30 0.0105  3.51986E-30 0.0089  6.93733E-30 0.0067  4.65395E-30 0.0073
  1.10975E-29 0.0050  8.81017E-30 0.0052  1.05042E-29 0.0049  6.63649E-30 0.0059
  1.49072E-29 0.0039  6.02996E-30 0.0053  9.39037E-30 0.0043  3.56811E-30 0.0062
  4.61999E-30 0.0054  1.40716E-29 0.0036  1.35457E-29 0.0031  1.04373E-29 0.0034
  2.64843E-29 0.0040  2.03825E-29 0.0040  1.67557E-29 0.0040  1.50626E-29 0.0039
  1.30738E-29 0.0038  1.21428E-29 0.0038  1.13049E-29 0.0036  1.14076E-29 0.0033
  2.14150E-29 0.0036  1.63158E-29 0.0034  1.38096E-29 0.0033  1.29187E-29 0.0034
  1.15611E-29 0.0033  1.06478E-29 0.0032  9.88645E-30 0.0031  1.91947E-29 0.0022
  2.65211E-29 0.0029  1.70937E-29 0.0039  4.87716E-30 0.0062  2.10642E-30 0.0088
  5.07541E-30 0.0054  4.93051E-29 0.0020  7.70713E-29 0.0019  2.92366E-29 0.0024
  2.84657E-29 0.0024  4.28363E-29 0.0017  6.01721E-29 0.0018  3.34447E-29 0.0022
  2.03045E-29 0.0022  2.29977E-29 0.0020  4.12228E-29 0.0016  7.70985E-29 0.0017
  8.23641E-29 0.0017  8.35291E-29 0.0016  7.41611E-29 0.0016  7.71050E-29 0.0016
  7.19185E-29 0.0015  6.45001E-29 0.0015  5.82248E-29 0.0016  6.35463E-29 0.0014
  4.32838E-29 0.0016  1.45594E-28 0.0011  6.56850E-29 0.0014  7.79939E-29 0.0013
  1.03265E-28 0.0013  9.65683E-29 0.0013  7.98624E-29 0.0013  8.07235E-29 0.0013
  9.04581E-29 0.0012  1.04670E-28 0.0013  9.12630E-29 0.0012  1.06572E-28 0.0013
  1.00436E-28 0.0012  1.05654E-28 0.0012  1.06637E-28 0.0012  1.01463E-28 0.0012
  6.15810E-29 0.0014  3.13187E-29 0.0020  1.96194E-29 0.0029  1.69913E-29 0.0028
  7.02747E-29 0.0014  1.05757E-28 0.0012  1.02346E-28 0.0012  1.04710E-28 0.0012
  1.20030E-28 0.0012  1.15801E-28 0.0012  1.18857E-28 0.0012  2.38918E-28 0.0008
  2.41281E-28 0.0008  2.39767E-28 0.0008  1.24034E-28 0.0011  1.25519E-28 0.0011
  1.27020E-28 0.0011  1.28777E-28 0.0011  1.31888E-28 0.0011  1.33196E-28 0.0011
  1.37165E-28 0.0010  9.20472E-29 0.0013  4.74640E-29 0.0017  1.42822E-28 0.0010
  1.46025E-28 0.0010  1.48767E-28 0.0010  1.51124E-28 0.0009  1.52506E-28 0.0009
  1.55274E-28 0.0009  1.58365E-28 0.0009  1.60379E-28 0.0009  1.61916E-28 0.0008
  1.66065E-28 0.0008  1.70393E-28 0.0008  1.72393E-28 0.0008  8.78038E-29 0.0011
  8.95208E-29 0.0011  1.83072E-28 0.0008  9.24862E-29 0.0010  9.37955E-29 0.0010
  9.61176E-29 0.0010  9.76363E-29 0.0010  1.99327E-28 0.0007  2.03593E-28 0.0007
  1.04708E-28 0.0009  1.06715E-28 0.0009  5.58246E-28 0.0004  9.46158E-27 0.0001
tfc   14       1       1       1       1       1       1     176       1
    4096000  9.46334E-27  3.02536E-04  1.84646E+07
    8192000  9.46370E-27  2.14064E-04  1.84512E+07
   12288000  9.46371E-27  1.74763E-04  1.84560E+07
   16384000  9.46304E-27  1.51333E-04  1.84567E+07
   20480000  9.46243E-27  1.35307E-04  1.84723E+07
   24576000  9.46230E-27  1.23505E-04  1.84763E+07
   28672000  9.46205E-27  1.14335E-04  1.84773E+07
   32768000  9.46162E-27  1.06931E-04  1.84839E+07
   36864000  9.46229E-27  1.00823E-04  1.84800E+07
   40960000  9.46173E-27  0.00000E+00  1.00000E+30
   45056000  9.46140E-27  0.00000E+00  1.00000E+30
   49152000  9.46150E-27  0.00000E+00  1.00000E+30
   53248000  9.46133E-27  0.00000E+00  1.00000E+30
   55919829  9.46158E-27  0.00000E+00  1.00000E+30
