mcnp       5     05/08/13 20:58:25     2    57297748      553626363
 Run-script for NE506 project - Matthew Klebenow                                
ntal     2
    4   14
tally    4    1    0
     Tally of the flux reported in VITAMIN-J 175Gp structure                    
f        1
      1
d        1
u        0
s        0
m        0
c        0
et     176
  1.00001E-07  4.13994E-07  5.31579E-07  6.82560E-07  8.76425E-07  1.12300E-06
  1.44000E-06  1.85539E-06  2.38237E-06  3.05902E-06  3.92786E-06  5.04348E-06
  6.47595E-06  8.31529E-06  1.06770E-05  1.37096E-05  1.76035E-05  2.26033E-05
  2.90232E-05  3.72665E-05  4.78512E-05  6.14421E-05  7.88932E-05  1.01301E-04
  1.30073E-04  1.67017E-04  2.14454E-04  2.75364E-04  3.53575E-04  4.53999E-04
  5.82947E-04  7.48518E-04  9.61117E-04  1.23410E-03  1.58461E-03  2.03468E-03
  2.24867E-03  2.48517E-03  2.61259E-03  2.74654E-03  3.03539E-03  3.35463E-03
  3.70744E-03  4.30742E-03  5.53084E-03  7.10174E-03  9.11882E-03  1.05946E-02
  1.17088E-02  1.50344E-02  1.93045E-02  2.18749E-02  2.35786E-02  2.41755E-02
  2.47875E-02  2.60584E-02  2.70001E-02  2.85011E-02  3.18278E-02  3.43067E-02
  4.08677E-02  4.63092E-02  5.24752E-02  5.65622E-02  6.73795E-02  7.20245E-02
  7.94987E-02  8.25034E-02  8.65170E-02  9.80365E-02  1.11090E-01  1.16786E-01
  1.22773E-01  1.29068E-01  1.35686E-01  1.42642E-01  1.49956E-01  1.57644E-01
  1.65727E-01  1.74224E-01  1.83156E-01  1.92547E-01  2.02419E-01  2.12797E-01
  2.23708E-01  2.35177E-01  2.47235E-01  2.73237E-01  2.87246E-01  2.94518E-01
  2.97211E-01  2.98491E-01  3.01974E-01  3.33733E-01  3.68832E-01  3.87742E-01
  4.07622E-01  4.50492E-01  4.97871E-01  5.23397E-01  5.50232E-01  5.78443E-01
  6.08101E-01  6.39279E-01  6.72055E-01  7.06512E-01  7.42736E-01  7.80817E-01
  8.20850E-01  8.62936E-01  9.07180E-01  9.61672E-01  1.00259E+00  1.10803E+00
  1.16484E+00  1.22456E+00  1.28735E+00  1.35335E+00  1.42274E+00  1.49569E+00
  1.57237E+00  1.65299E+00  1.73774E+00  1.82684E+00  1.92050E+00  2.01897E+00
  2.12248E+00  2.23130E+00  2.30693E+00  2.34570E+00  2.36533E+00  2.38513E+00
  2.46597E+00  2.59240E+00  2.72532E+00  2.86505E+00  3.01194E+00  3.16637E+00
  3.32871E+00  3.67879E+00  4.06570E+00  4.49329E+00  4.72367E+00  4.96585E+00
  5.22046E+00  5.48812E+00  5.76950E+00  6.06531E+00  6.37628E+00  6.59241E+00
  6.70320E+00  7.04688E+00  7.40818E+00  7.78801E+00  8.18731E+00  8.60708E+00
  9.04837E+00  9.51229E+00  1.00000E+01  1.05127E+01  1.10517E+01  1.16183E+01
  1.22140E+01  1.25232E+01  1.28403E+01  1.34986E+01  1.38403E+01  1.41907E+01
  1.45499E+01  1.49182E+01  1.56831E+01  1.64872E+01  1.69046E+01  1.73325E+01
  1.96403E+01
t        0
vals
  0.00000E+00 0.0000  1.17095E-10 1.0000  4.65248E-11 0.9612  0.00000E+00 0.0000
  0.00000E+00 0.0000  0.00000E+00 0.0000  4.09903E-11 1.0000  1.97126E-10 0.5652
  6.69395E-11 0.7390  5.91611E-11 0.7828  1.67702E-10 0.5263  4.45687E-10 0.3854
  3.50679E-10 0.4177  5.27395E-10 0.3672  5.41629E-10 0.3213  5.80128E-10 0.2976
  8.37839E-10 0.2846  1.02833E-09 0.2207  1.83107E-09 0.1766  2.01565E-09 0.1757
  2.39209E-09 0.1530  2.62140E-09 0.1457  4.09886E-09 0.1164  5.94356E-09 0.1037
  8.19287E-09 0.0885  8.99308E-09 0.0817  1.20738E-08 0.0684  1.44753E-08 0.0642
  1.83209E-08 0.0578  2.32515E-08 0.0499  3.26849E-08 0.0437  3.95501E-08 0.0393
  4.73613E-08 0.0362  6.24518E-08 0.0310  8.33814E-08 0.0273  1.03010E-07 0.0244
  4.67380E-08 0.0309  5.05600E-08 0.0298  2.76356E-08 0.0366  3.09773E-08 0.0343
  6.19534E-08 0.0272  6.69743E-08 0.0259  7.35617E-08 0.0250  1.22663E-07 0.0206
  2.67212E-07 0.0150  3.49407E-07 0.0130  4.55885E-07 0.0113  3.27899E-07 0.0126
  2.38804E-07 0.0141  6.57343E-07 0.0092  7.66169E-07 0.0083  4.26612E-07 0.0105
  2.74247E-07 0.0127  1.19666E-07 0.0193  2.07003E-07 0.0149  8.60779E-07 0.0072
  4.77154E-07 0.0083  1.37958E-07 0.0087  5.27567E-07 0.0075  5.51468E-07 0.0081
  1.51729E-06 0.0059  1.25399E-06 0.0063  1.38644E-06 0.0060  9.17689E-07 0.0070
  2.32102E-06 0.0047  1.20466E-06 0.0060  1.80940E-06 0.0051  1.35328E-06 0.0056
  7.76317E-07 0.0066  2.76150E-06 0.0042  3.11759E-06 0.0039  1.42608E-06 0.0054
  1.45129E-06 0.0054  1.82563E-06 0.0048  2.06612E-06 0.0045  2.22472E-06 0.0044
  1.50271E-06 0.0049  1.82354E-06 0.0047  2.30907E-06 0.0043  2.14955E-06 0.0044
  3.27138E-06 0.0036  2.90443E-06 0.0038  2.45841E-06 0.0039  3.00534E-06 0.0037
  3.24225E-06 0.0036  2.94380E-06 0.0037  3.47747E-06 0.0035  8.19286E-06 0.0023
  3.61263E-06 0.0034  1.87775E-06 0.0046  8.17601E-07 0.0071  4.15007E-07 0.0100
  1.16652E-06 0.0060  9.86172E-06 0.0022  1.22678E-05 0.0020  7.56571E-06 0.0024
  6.26414E-06 0.0025  1.33352E-05 0.0018  1.58350E-05 0.0017  8.17100E-06 0.0023
  8.84828E-06 0.0022  8.87740E-06 0.0022  9.70605E-06 0.0021  1.16748E-05 0.0019
  1.26315E-05 0.0018  1.27580E-05 0.0018  1.33880E-05 0.0018  1.30784E-05 0.0018
  1.31838E-05 0.0018  1.36363E-05 0.0018  1.40756E-05 0.0017  1.85949E-05 0.0015
  1.33060E-05 0.0017  3.38402E-05 0.0011  1.86750E-05 0.0015  2.04164E-05 0.0014
  1.90904E-05 0.0015  2.03926E-05 0.0014  2.03954E-05 0.0014  2.08618E-05 0.0014
  2.20954E-05 0.0014  2.26244E-05 0.0013  2.37737E-05 0.0013  2.43343E-05 0.0013
  2.40261E-05 0.0013  2.43642E-05 0.0013  2.52377E-05 0.0013  2.60272E-05 0.0013
  1.78750E-05 0.0015  8.79049E-06 0.0021  4.68154E-06 0.0029  4.66694E-06 0.0029
  1.83645E-05 0.0015  2.73216E-05 0.0012  2.82039E-05 0.0012  2.81264E-05 0.0012
  2.86194E-05 0.0012  2.85951E-05 0.0012  2.89138E-05 0.0012  5.92589E-05 0.0008
  6.14167E-05 0.0008  6.40609E-05 0.0008  3.31904E-05 0.0011  3.38802E-05 0.0011
  3.49108E-05 0.0011  3.58674E-05 0.0011  3.69614E-05 0.0011  3.80641E-05 0.0010
  3.94356E-05 0.0010  2.70251E-05 0.0012  1.37272E-05 0.0017  4.23850E-05 0.0010
  4.40481E-05 0.0010  4.58426E-05 0.0009  4.77625E-05 0.0009  4.97773E-05 0.0009
  5.21215E-05 0.0009  5.43500E-05 0.0009  5.68610E-05 0.0008  5.95006E-05 0.0008
  6.22827E-05 0.0008  6.51255E-05 0.0008  6.81521E-05 0.0008  3.53415E-05 0.0011
  3.62625E-05 0.0011  7.52754E-05 0.0007  3.90297E-05 0.0010  3.99469E-05 0.0010
  4.09919E-05 0.0010  4.18231E-05 0.0010  8.66019E-05 0.0007  9.08741E-05 0.0007
  4.72459E-05 0.0009  4.85297E-05 0.0009  2.59526E-04 0.0004  2.85502E-03 0.0001
tfc   14       1       1       1       1       1       1     176       1
    4096000  2.85506E-03  1.88335E-04  4.88070E+07
    8192000  2.85519E-03  1.33231E-04  4.88182E+07
   12288000  2.85517E-03  1.08768E-04  4.88453E+07
   16384000  2.85496E-03  0.00000E+00  1.00000E+30
   20480000  2.85485E-03  0.00000E+00  1.00000E+30
   24576000  2.85494E-03  0.00000E+00  1.00000E+30
   28672000  2.85483E-03  0.00000E+00  1.00000E+30
   32768000  2.85492E-03  0.00000E+00  1.00000E+30
   36864000  2.85500E-03  0.00000E+00  1.00000E+30
   40960000  2.85499E-03  0.00000E+00  1.00000E+30
   45056000  2.85500E-03  0.00000E+00  1.00000E+30
   49152000  2.85497E-03  0.00000E+00  1.00000E+30
   53248000  2.85495E-03  0.00000E+00  1.00000E+30
   57297748  2.85502E-03  0.00000E+00  1.00000E+30
tally   14    1    0
     Tally of the total xs reaction                                             
f        1
      1
d        1
u        0
s        0
m        1
c        0
et     176
  1.00001E-07  4.13994E-07  5.31579E-07  6.82560E-07  8.76425E-07  1.12300E-06
  1.44000E-06  1.85539E-06  2.38237E-06  3.05902E-06  3.92786E-06  5.04348E-06
  6.47595E-06  8.31529E-06  1.06770E-05  1.37096E-05  1.76035E-05  2.26033E-05
  2.90232E-05  3.72665E-05  4.78512E-05  6.14421E-05  7.88932E-05  1.01301E-04
  1.30073E-04  1.67017E-04  2.14454E-04  2.75364E-04  3.53575E-04  4.53999E-04
  5.82947E-04  7.48518E-04  9.61117E-04  1.23410E-03  1.58461E-03  2.03468E-03
  2.24867E-03  2.48517E-03  2.61259E-03  2.74654E-03  3.03539E-03  3.35463E-03
  3.70744E-03  4.30742E-03  5.53084E-03  7.10174E-03  9.11882E-03  1.05946E-02
  1.17088E-02  1.50344E-02  1.93045E-02  2.18749E-02  2.35786E-02  2.41755E-02
  2.47875E-02  2.60584E-02  2.70001E-02  2.85011E-02  3.18278E-02  3.43067E-02
  4.08677E-02  4.63092E-02  5.24752E-02  5.65622E-02  6.73795E-02  7.20245E-02
  7.94987E-02  8.25034E-02  8.65170E-02  9.80365E-02  1.11090E-01  1.16786E-01
  1.22773E-01  1.29068E-01  1.35686E-01  1.42642E-01  1.49956E-01  1.57644E-01
  1.65727E-01  1.74224E-01  1.83156E-01  1.92547E-01  2.02419E-01  2.12797E-01
  2.23708E-01  2.35177E-01  2.47235E-01  2.73237E-01  2.87246E-01  2.94518E-01
  2.97211E-01  2.98491E-01  3.01974E-01  3.33733E-01  3.68832E-01  3.87742E-01
  4.07622E-01  4.50492E-01  4.97871E-01  5.23397E-01  5.50232E-01  5.78443E-01
  6.08101E-01  6.39279E-01  6.72055E-01  7.06512E-01  7.42736E-01  7.80817E-01
  8.20850E-01  8.62936E-01  9.07180E-01  9.61672E-01  1.00259E+00  1.10803E+00
  1.16484E+00  1.22456E+00  1.28735E+00  1.35335E+00  1.42274E+00  1.49569E+00
  1.57237E+00  1.65299E+00  1.73774E+00  1.82684E+00  1.92050E+00  2.01897E+00
  2.12248E+00  2.23130E+00  2.30693E+00  2.34570E+00  2.36533E+00  2.38513E+00
  2.46597E+00  2.59240E+00  2.72532E+00  2.86505E+00  3.01194E+00  3.16637E+00
  3.32871E+00  3.67879E+00  4.06570E+00  4.49329E+00  4.72367E+00  4.96585E+00
  5.22046E+00  5.48812E+00  5.76950E+00  6.06531E+00  6.37628E+00  6.59241E+00
  6.70320E+00  7.04688E+00  7.40818E+00  7.78801E+00  8.18731E+00  8.60708E+00
  9.04837E+00  9.51229E+00  1.00000E+01  1.05127E+01  1.10517E+01  1.16183E+01
  1.22140E+01  1.25232E+01  1.28403E+01  1.34986E+01  1.38403E+01  1.41907E+01
  1.45499E+01  1.49182E+01  1.56831E+01  1.64872E+01  1.69046E+01  1.73325E+01
  1.96403E+01
t        0
vals
  0.00000E+00 0.0000  1.52038E-33 1.0000  5.89097E-34 0.9612  0.00000E+00 0.0000
  0.00000E+00 0.0000  0.00000E+00 0.0000  5.08268E-34 1.0000  2.43692E-33 0.5651
  8.24556E-34 0.7391  7.26454E-34 0.7828  2.05536E-33 0.5263  5.45005E-33 0.3854
  4.27837E-33 0.4178  6.42003E-33 0.3672  6.57811E-33 0.3214  7.03009E-33 0.2976
  1.01315E-32 0.2846  1.24006E-32 0.2207  2.20254E-32 0.1766  2.41704E-32 0.1757
  2.85727E-32 0.1530  3.11650E-32 0.1457  4.84552E-32 0.1164  6.97962E-32 0.1037
  9.54011E-32 0.0885  1.03608E-31 0.0817  1.37280E-31 0.0685  1.61943E-31 0.0642
  2.00912E-31 0.0578  2.48706E-31 0.0499  3.39379E-31 0.0437  3.96101E-31 0.0393
  4.54540E-31 0.0362  5.83154E-31 0.0309  7.18607E-31 0.0273  8.32087E-31 0.0244
  3.59794E-31 0.0309  3.78043E-31 0.0298  2.01823E-31 0.0366  2.22765E-31 0.0343
  4.34644E-31 0.0272  4.54602E-31 0.0259  4.82608E-31 0.0250  7.69828E-31 0.0206
  1.55561E-30 0.0150  1.83802E-30 0.0130  2.14307E-30 0.0113  1.39017E-30 0.0126
  9.38135E-31 0.0141  2.25660E-30 0.0092  1.92579E-30 0.0083  6.24759E-31 0.0107
  1.68630E-31 0.0138  1.54805E-32 0.0210  3.31687E-33 0.0183  8.39272E-31 0.0090
  4.08711E-30 0.0086  8.40647E-30 0.0082  1.23175E-29 0.0073  5.83440E-30 0.0081
  1.05156E-29 0.0060  6.53619E-30 0.0063  6.17749E-30 0.0061  3.47747E-30 0.0070
  6.99659E-30 0.0047  1.81055E-30 0.0063  6.83157E-30 0.0063  1.17104E-30 0.0089
  8.79792E-30 0.0066  1.44584E-29 0.0042  1.02905E-29 0.0040  3.62639E-30 0.0055
  3.03359E-30 0.0056  2.23913E-30 0.0066  5.04514E-30 0.0058  7.74366E-30 0.0063
  1.01272E-29 0.0049  6.57456E-30 0.0047  5.10162E-30 0.0044  6.87986E-30 0.0056
  5.21590E-30 0.0043  1.31183E-29 0.0047  1.32095E-29 0.0040  9.53418E-30 0.0038
  8.70192E-30 0.0046  1.02586E-29 0.0038  8.15889E-30 0.0040  1.36808E-29 0.0028
  1.45741E-29 0.0039  4.93813E-30 0.0049  1.34145E-30 0.0071  5.82179E-31 0.0100
  1.50330E-30 0.0066  2.44589E-29 0.0028  2.96643E-29 0.0025  2.02915E-29 0.0030
  3.40285E-29 0.0026  5.78017E-29 0.0020  4.81314E-29 0.0019  2.68884E-29 0.0024
  2.28323E-29 0.0024  2.34200E-29 0.0025  1.72694E-29 0.0024  1.65054E-29 0.0024
  2.07408E-29 0.0025  3.29261E-29 0.0021  4.09078E-29 0.0020  5.03983E-29 0.0019
  4.87264E-29 0.0019  3.39847E-29 0.0020  3.54950E-29 0.0018  2.98102E-29 0.0017
  3.67434E-29 0.0019  8.52169E-29 0.0012  4.17002E-29 0.0017  4.28172E-29 0.0016
  6.00606E-29 0.0015  5.77335E-29 0.0015  4.96684E-29 0.0015  6.26960E-29 0.0015
  6.76562E-29 0.0014  6.26602E-29 0.0014  6.46430E-29 0.0014  6.45822E-29 0.0013
  6.83860E-29 0.0013  7.94891E-29 0.0013  8.39171E-29 0.0013  8.07866E-29 0.0013
  4.99799E-29 0.0015  2.97266E-29 0.0021  1.17680E-29 0.0029  1.36563E-29 0.0029
  6.34458E-29 0.0015  1.02803E-28 0.0012  9.24429E-29 0.0012  9.46041E-29 0.0012
  9.34001E-29 0.0012  1.00701E-28 0.0012  9.77399E-29 0.0012  2.01528E-28 0.0008
  2.20390E-28 0.0008  2.34615E-28 0.0008  1.24127E-28 0.0011  1.25748E-28 0.0011
  1.28324E-28 0.0011  1.32590E-28 0.0011  1.35803E-28 0.0011  1.39748E-28 0.0010
  1.42798E-28 0.0010  9.91129E-29 0.0012  5.00094E-29 0.0017  1.52254E-28 0.0010
  1.57105E-28 0.0010  1.60648E-28 0.0009  1.64141E-28 0.0009  1.68339E-28 0.0009
  1.69850E-28 0.0009  1.75681E-28 0.0009  1.79628E-28 0.0008  1.83632E-28 0.0008
  1.87625E-28 0.0008  1.91004E-28 0.0008  1.93289E-28 0.0008  9.76041E-29 0.0011
  9.88420E-29 0.0011  2.01948E-28 0.0007  1.02763E-28 0.0010  1.03751E-28 0.0010
  1.04752E-28 0.0010  1.05344E-28 0.0010  2.13779E-28 0.0007  2.18132E-28 0.0007
  1.11023E-28 0.0009  1.12672E-28 0.0009  5.91619E-28 0.0004  8.53798E-27 0.0001
tfc   14       1       1       1       1       1       1     176       1
    4096000  8.53776E-27  2.47602E-04  2.82383E+07
    8192000  8.53847E-27  1.75292E-04  2.82013E+07
   12288000  8.53857E-27  1.43117E-04  2.82128E+07
   16384000  8.53801E-27  1.23880E-04  2.82517E+07
   20480000  8.53729E-27  1.10757E-04  2.82835E+07
   24576000  8.53755E-27  1.01139E-04  2.82661E+07
   28672000  8.53716E-27  0.00000E+00  1.00000E+30
   32768000  8.53738E-27  0.00000E+00  1.00000E+30
   36864000  8.53772E-27  0.00000E+00  1.00000E+30
   40960000  8.53775E-27  0.00000E+00  1.00000E+30
   45056000  8.53778E-27  0.00000E+00  1.00000E+30
   49152000  8.53781E-27  0.00000E+00  1.00000E+30
   53248000  8.53773E-27  0.00000E+00  1.00000E+30
   57297748  8.53798E-27  0.00000E+00  1.00000E+30
