mcnp       5     05/08/13 21:53:47     2    44980486      845269215
 Run-script for NE506 project - Matthew Klebenow                                
ntal     2
    4   14
tally    4    1    0
     Tally of the flux reported in VITAMIN-J 175Gp structure                    
f        1
      1
d        1
u        0
s        0
m        0
c        0
et     176
  1.00001E-07  4.13994E-07  5.31579E-07  6.82560E-07  8.76425E-07  1.12300E-06
  1.44000E-06  1.85539E-06  2.38237E-06  3.05902E-06  3.92786E-06  5.04348E-06
  6.47595E-06  8.31529E-06  1.06770E-05  1.37096E-05  1.76035E-05  2.26033E-05
  2.90232E-05  3.72665E-05  4.78512E-05  6.14421E-05  7.88932E-05  1.01301E-04
  1.30073E-04  1.67017E-04  2.14454E-04  2.75364E-04  3.53575E-04  4.53999E-04
  5.82947E-04  7.48518E-04  9.61117E-04  1.23410E-03  1.58461E-03  2.03468E-03
  2.24867E-03  2.48517E-03  2.61259E-03  2.74654E-03  3.03539E-03  3.35463E-03
  3.70744E-03  4.30742E-03  5.53084E-03  7.10174E-03  9.11882E-03  1.05946E-02
  1.17088E-02  1.50344E-02  1.93045E-02  2.18749E-02  2.35786E-02  2.41755E-02
  2.47875E-02  2.60584E-02  2.70001E-02  2.85011E-02  3.18278E-02  3.43067E-02
  4.08677E-02  4.63092E-02  5.24752E-02  5.65622E-02  6.73795E-02  7.20245E-02
  7.94987E-02  8.25034E-02  8.65170E-02  9.80365E-02  1.11090E-01  1.16786E-01
  1.22773E-01  1.29068E-01  1.35686E-01  1.42642E-01  1.49956E-01  1.57644E-01
  1.65727E-01  1.74224E-01  1.83156E-01  1.92547E-01  2.02419E-01  2.12797E-01
  2.23708E-01  2.35177E-01  2.47235E-01  2.73237E-01  2.87246E-01  2.94518E-01
  2.97211E-01  2.98491E-01  3.01974E-01  3.33733E-01  3.68832E-01  3.87742E-01
  4.07622E-01  4.50492E-01  4.97871E-01  5.23397E-01  5.50232E-01  5.78443E-01
  6.08101E-01  6.39279E-01  6.72055E-01  7.06512E-01  7.42736E-01  7.80817E-01
  8.20850E-01  8.62936E-01  9.07180E-01  9.61672E-01  1.00259E+00  1.10803E+00
  1.16484E+00  1.22456E+00  1.28735E+00  1.35335E+00  1.42274E+00  1.49569E+00
  1.57237E+00  1.65299E+00  1.73774E+00  1.82684E+00  1.92050E+00  2.01897E+00
  2.12248E+00  2.23130E+00  2.30693E+00  2.34570E+00  2.36533E+00  2.38513E+00
  2.46597E+00  2.59240E+00  2.72532E+00  2.86505E+00  3.01194E+00  3.16637E+00
  3.32871E+00  3.67879E+00  4.06570E+00  4.49329E+00  4.72367E+00  4.96585E+00
  5.22046E+00  5.48812E+00  5.76950E+00  6.06531E+00  6.37628E+00  6.59241E+00
  6.70320E+00  7.04688E+00  7.40818E+00  7.78801E+00  8.18731E+00  8.60708E+00
  9.04837E+00  9.51229E+00  1.00000E+01  1.05127E+01  1.10517E+01  1.16183E+01
  1.22140E+01  1.25232E+01  1.28403E+01  1.34986E+01  1.38403E+01  1.41907E+01
  1.45499E+01  1.49182E+01  1.56831E+01  1.64872E+01  1.69046E+01  1.73325E+01
  1.96403E+01
t        0
vals
  0.00000E+00 0.0000  0.00000E+00 0.0000  0.00000E+00 0.0000  0.00000E+00 0.0000
  0.00000E+00 0.0000  0.00000E+00 0.0000  0.00000E+00 0.0000  2.91623E-11 0.6105
  5.55797E-11 1.0000  5.55797E-11 1.0000  6.45378E-11 0.8942  1.35341E-10 0.5920
  6.05180E-11 0.7308  2.80235E-10 0.3895  1.76474E-10 0.4779  2.18225E-10 0.4596
  3.86892E-10 0.3390  3.00366E-10 0.3714  6.97856E-10 0.2541  9.58336E-10 0.2229
  1.29267E-09 0.1872  1.04109E-09 0.2052  1.55994E-09 0.1724  1.77096E-09 0.1544
  1.95619E-09 0.1248  1.03501E-09 0.1290  2.43715E-10 0.1037  1.55019E-09 0.0860
  6.95730E-09 0.0782  1.38596E-08 0.0679  2.09630E-08 0.0589  2.61060E-08 0.0541
  3.13400E-08 0.0478  4.16957E-08 0.0423  5.40768E-08 0.0357  6.78427E-08 0.0318
  3.12696E-08 0.0442  3.27018E-08 0.0430  1.71395E-08 0.0571  2.08821E-08 0.0519
  4.46448E-08 0.0360  3.44458E-08 0.0393  9.00049E-08 0.0258  1.25833E-07 0.0213
  2.41133E-07 0.0170  2.20540E-07 0.0166  4.10348E-07 0.0131  2.84263E-07 0.0142
  2.33628E-07 0.0145  7.07634E-07 0.0104  9.25734E-07 0.0091  5.53647E-07 0.0100
  3.67969E-07 0.0110  1.31415E-07 0.0157  1.36617E-07 0.0156  2.76771E-07 0.0118
  2.07538E-07 0.0130  3.29343E-07 0.0109  7.37428E-07 0.0085  5.49767E-07 0.0090
  1.44088E-06 0.0067  1.21933E-06 0.0069  1.36079E-06 0.0064  9.19387E-07 0.0070
  2.41694E-06 0.0052  1.04555E-06 0.0064  1.67947E-06 0.0055  6.79580E-07 0.0073
  9.01475E-07 0.0065  2.61244E-06 0.0047  2.95373E-06 0.0044  1.29602E-06 0.0055
  1.36612E-06 0.0053  1.44452E-06 0.0052  1.52589E-06 0.0050  1.61276E-06 0.0049
  1.69360E-06 0.0048  1.79569E-06 0.0047  1.89370E-06 0.0045  1.97804E-06 0.0044
  2.08564E-06 0.0043  2.20043E-06 0.0042  2.33978E-06 0.0041  2.44616E-06 0.0040
  2.58230E-06 0.0039  2.71526E-06 0.0038  2.85180E-06 0.0037  6.19579E-06 0.0029
  3.35513E-06 0.0034  1.74211E-06 0.0044  6.53149E-07 0.0068  3.08450E-07 0.0098
  8.44314E-07 0.0061  7.70578E-06 0.0026  8.52270E-06 0.0025  4.62938E-06 0.0029
  4.87850E-06 0.0029  1.05870E-05 0.0022  1.17776E-05 0.0021  6.35678E-06 0.0025
  6.69788E-06 0.0024  7.03117E-06 0.0024  7.40513E-06 0.0023  7.78330E-06 0.0023
  8.16564E-06 0.0022  8.59002E-06 0.0022  9.03605E-06 0.0021  9.48344E-06 0.0021
  9.93409E-06 0.0020  1.03845E-05 0.0020  1.08905E-05 0.0019  1.33127E-05 0.0018
  9.96759E-06 0.0020  2.54144E-05 0.0015  1.35449E-05 0.0018  1.41730E-05 0.0017
  1.47269E-05 0.0017  1.53049E-05 0.0017  1.59354E-05 0.0017  1.66136E-05 0.0016
  1.72623E-05 0.0016  1.79586E-05 0.0016  1.86366E-05 0.0015  1.93289E-05 0.0015
  2.00354E-05 0.0015  2.07553E-05 0.0015  2.15909E-05 0.0015  2.23991E-05 0.0014
  1.53639E-05 0.0017  7.80603E-06 0.0022  3.93347E-06 0.0030  3.97321E-06 0.0030
  1.60862E-05 0.0016  2.47576E-05 0.0014  2.56140E-05 0.0014  2.64819E-05 0.0013
  2.73792E-05 0.0013  2.82086E-05 0.0013  2.91391E-05 0.0013  6.10681E-05 0.0010
  6.50196E-05 0.0009  6.94758E-05 0.0009  3.65562E-05 0.0012  3.75719E-05 0.0012
  3.88918E-05 0.0012  4.02371E-05 0.0011  4.16810E-05 0.0011  4.32194E-05 0.0011
  4.47985E-05 0.0011  3.08275E-05 0.0013  1.57040E-05 0.0017  4.82736E-05 0.0010
  5.00329E-05 0.0010  5.19010E-05 0.0010  5.39338E-05 0.0010  5.60135E-05 0.0010
  5.83766E-05 0.0009  6.04758E-05 0.0009  6.25191E-05 0.0009  6.48804E-05 0.0009
  6.73832E-05 0.0009  6.99979E-05 0.0008  7.27556E-05 0.0008  3.74723E-05 0.0011
  3.82971E-05 0.0011  7.89453E-05 0.0008  4.06600E-05 0.0011  4.15054E-05 0.0011
  4.23926E-05 0.0011  4.31501E-05 0.0011  8.91968E-05 0.0007  9.25712E-05 0.0007
  4.77048E-05 0.0010  4.85968E-05 0.0010  2.55588E-04 0.0004  2.82238E-03 0.0001
tfc   11       1       1       1       1       1       1     176       1
    4096000  2.82237E-03  2.17221E-04  2.87489E+07
    8192000  2.82235E-03  1.53657E-04  2.88078E+07
   12288000  2.82254E-03  1.25473E-04  2.88276E+07
   16384000  2.82244E-03  1.08653E-04  2.88479E+07
   20480000  2.82253E-03  0.00000E+00  1.00000E+30
   24576000  2.82236E-03  0.00000E+00  1.00000E+30
   28672000  2.82236E-03  0.00000E+00  1.00000E+30
   32768000  2.82226E-03  0.00000E+00  1.00000E+30
   36864000  2.82237E-03  0.00000E+00  1.00000E+30
   40960000  2.82236E-03  0.00000E+00  1.00000E+30
   44980486  2.82238E-03  0.00000E+00  1.00000E+30
tally   14    1    0
     Tally of the total xs reaction                                             
f        1
      1
d        1
u        0
s        0
m        1
c        0
et     176
  1.00001E-07  4.13994E-07  5.31579E-07  6.82560E-07  8.76425E-07  1.12300E-06
  1.44000E-06  1.85539E-06  2.38237E-06  3.05902E-06  3.92786E-06  5.04348E-06
  6.47595E-06  8.31529E-06  1.06770E-05  1.37096E-05  1.76035E-05  2.26033E-05
  2.90232E-05  3.72665E-05  4.78512E-05  6.14421E-05  7.88932E-05  1.01301E-04
  1.30073E-04  1.67017E-04  2.14454E-04  2.75364E-04  3.53575E-04  4.53999E-04
  5.82947E-04  7.48518E-04  9.61117E-04  1.23410E-03  1.58461E-03  2.03468E-03
  2.24867E-03  2.48517E-03  2.61259E-03  2.74654E-03  3.03539E-03  3.35463E-03
  3.70744E-03  4.30742E-03  5.53084E-03  7.10174E-03  9.11882E-03  1.05946E-02
  1.17088E-02  1.50344E-02  1.93045E-02  2.18749E-02  2.35786E-02  2.41755E-02
  2.47875E-02  2.60584E-02  2.70001E-02  2.85011E-02  3.18278E-02  3.43067E-02
  4.08677E-02  4.63092E-02  5.24752E-02  5.65622E-02  6.73795E-02  7.20245E-02
  7.94987E-02  8.25034E-02  8.65170E-02  9.80365E-02  1.11090E-01  1.16786E-01
  1.22773E-01  1.29068E-01  1.35686E-01  1.42642E-01  1.49956E-01  1.57644E-01
  1.65727E-01  1.74224E-01  1.83156E-01  1.92547E-01  2.02419E-01  2.12797E-01
  2.23708E-01  2.35177E-01  2.47235E-01  2.73237E-01  2.87246E-01  2.94518E-01
  2.97211E-01  2.98491E-01  3.01974E-01  3.33733E-01  3.68832E-01  3.87742E-01
  4.07622E-01  4.50492E-01  4.97871E-01  5.23397E-01  5.50232E-01  5.78443E-01
  6.08101E-01  6.39279E-01  6.72055E-01  7.06512E-01  7.42736E-01  7.80817E-01
  8.20850E-01  8.62936E-01  9.07180E-01  9.61672E-01  1.00259E+00  1.10803E+00
  1.16484E+00  1.22456E+00  1.28735E+00  1.35335E+00  1.42274E+00  1.49569E+00
  1.57237E+00  1.65299E+00  1.73774E+00  1.82684E+00  1.92050E+00  2.01897E+00
  2.12248E+00  2.23130E+00  2.30693E+00  2.34570E+00  2.36533E+00  2.38513E+00
  2.46597E+00  2.59240E+00  2.72532E+00  2.86505E+00  3.01194E+00  3.16637E+00
  3.32871E+00  3.67879E+00  4.06570E+00  4.49329E+00  4.72367E+00  4.96585E+00
  5.22046E+00  5.48812E+00  5.76950E+00  6.06531E+00  6.37628E+00  6.59241E+00
  6.70320E+00  7.04688E+00  7.40818E+00  7.78801E+00  8.18731E+00  8.60708E+00
  9.04837E+00  9.51229E+00  1.00000E+01  1.05127E+01  1.10517E+01  1.16183E+01
  1.22140E+01  1.25232E+01  1.28403E+01  1.34986E+01  1.38403E+01  1.41907E+01
  1.45499E+01  1.49182E+01  1.56831E+01  1.64872E+01  1.69046E+01  1.73325E+01
  1.96403E+01
t        0
vals
  0.00000E+00 0.0000  0.00000E+00 0.0000  0.00000E+00 0.0000  0.00000E+00 0.0000
  0.00000E+00 0.0000  0.00000E+00 0.0000  0.00000E+00 0.0000  4.25506E-34 0.6118
  7.17469E-34 1.0000  6.38563E-34 1.0000  6.83487E-34 0.8947  1.34599E-33 0.5901
  5.49767E-34 0.7294  2.35027E-33 0.3889  1.38770E-33 0.4781  1.60946E-33 0.4588
  2.72265E-33 0.3383  2.03472E-33 0.3724  4.62837E-33 0.2540  6.34737E-33 0.2229
  8.80547E-33 0.1872  7.62716E-33 0.2051  1.32109E-32 0.1718  1.94170E-32 0.1534
  3.41542E-32 0.1249  4.34871E-32 0.1199  1.07303E-31 0.0818  1.51142E-31 0.0779
  1.52275E-31 0.0767  1.39456E-31 0.0679  1.36649E-31 0.0590  1.26911E-31 0.0542
  1.25755E-31 0.0479  1.42526E-31 0.0424  1.60141E-31 0.0357  1.70540E-31 0.0318
  6.77837E-32 0.0442  6.32662E-32 0.0430  2.98312E-32 0.0571  3.36804E-32 0.0519
  6.74951E-32 0.0360  2.03121E-31 0.0464  1.60835E-31 0.0262  2.21300E-30 0.0214
  3.19614E-30 0.0175  6.12987E-30 0.0165  3.60052E-30 0.0141  4.07904E-30 0.0143
  3.07831E-30 0.0145  9.31604E-30 0.0104  1.21700E-29 0.0091  7.26898E-30 0.0100
  4.82726E-30 0.0110  1.72324E-30 0.0157  1.79105E-30 0.0156  3.62716E-30 0.0118
  2.71870E-30 0.0130  4.31232E-30 0.0109  9.64804E-30 0.0085  7.18958E-30 0.0090
  1.88324E-29 0.0067  1.59247E-29 0.0069  1.77591E-29 0.0064  1.19908E-29 0.0070
  3.14988E-29 0.0052  1.36207E-29 0.0064  2.18729E-29 0.0055  8.84854E-30 0.0073
  1.17359E-29 0.0065  3.39980E-29 0.0047  3.84163E-29 0.0044  1.68475E-29 0.0055
  1.77531E-29 0.0053  1.87656E-29 0.0052  1.98157E-29 0.0050  2.09361E-29 0.0049
  2.19770E-29 0.0048  2.32925E-29 0.0047  2.45542E-29 0.0045  2.56370E-29 0.0044
  2.70196E-29 0.0043  2.84935E-29 0.0042  3.02833E-29 0.0041  3.16451E-29 0.0040
  3.33901E-29 0.0039  3.50914E-29 0.0038  3.68363E-29 0.0037  7.99608E-29 0.0029
  4.32607E-29 0.0034  2.24516E-29 0.0044  8.41562E-30 0.0068  3.97393E-30 0.0098
  1.08765E-29 0.0061  9.91613E-29 0.0026  1.09454E-28 0.0025  5.93567E-29 0.0029
  6.24787E-29 0.0029  1.35374E-28 0.0022  1.50266E-28 0.0021  8.09592E-29 0.0025
  8.51939E-29 0.0024  8.93122E-29 0.0024  9.39291E-29 0.0023  9.85920E-29 0.0023
  1.03292E-28 0.0022  1.08503E-28 0.0022  1.13962E-28 0.0021  1.19412E-28 0.0021
  1.24879E-28 0.0020  1.30336E-28 0.0020  1.36464E-28 0.0019  1.66506E-28 0.0018
  1.24443E-28 0.0020  3.16304E-28 0.0015  1.67970E-28 0.0018  1.75301E-28 0.0017
  1.81621E-28 0.0017  1.88162E-28 0.0017  1.95276E-28 0.0017  2.02949E-28 0.0016
  2.10196E-28 0.0016  2.17938E-28 0.0016  2.25374E-28 0.0015  2.32886E-28 0.0015
  2.40466E-28 0.0015  2.48091E-28 0.0015  2.56926E-28 0.0015  2.65264E-28 0.0014
  1.81199E-28 0.0017  9.18393E-29 0.0022  4.62208E-29 0.0030  4.66487E-29 0.0030
  1.88462E-28 0.0016  2.88763E-28 0.0014  2.97036E-28 0.0014  3.05259E-28 0.0013
  3.13648E-28 0.0013  3.20934E-28 0.0013  3.29042E-28 0.0013  6.81246E-28 0.0010
  7.12764E-28 0.0009  7.46104E-28 0.0009  3.86042E-28 0.0012  3.92299E-28 0.0012
  4.01145E-28 0.0012  4.09532E-28 0.0011  4.18242E-28 0.0011  4.27156E-28 0.0011
  4.35620E-28 0.0011  2.95479E-28 0.0013  1.49167E-28 0.0017  4.52761E-28 0.0010
  4.60332E-28 0.0010  4.68013E-28 0.0010  4.75919E-28 0.0010  4.82641E-28 0.0010
  4.90230E-28 0.0009  4.94531E-28 0.0009  4.99969E-28 0.0009  5.04414E-28 0.0009
  5.06883E-28 0.0009  5.07324E-28 0.0008  5.05494E-28 0.0008  2.51369E-28 0.0011
  2.50463E-28 0.0011  4.95411E-28 0.0008  2.44039E-28 0.0011  2.41240E-28 0.0011
  2.38152E-28 0.0011  2.33799E-28 0.0011  4.55683E-28 0.0007  4.33488E-28 0.0007
  2.07480E-28 0.0010  2.00148E-28 0.0010  8.62699E-28 0.0004  2.42378E-26 0.0001
tfc   11       1       1       1       1       1       1     176       1
    4096000  2.42449E-26  3.63919E-04  1.02428E+07
    8192000  2.42416E-26  2.57465E-04  1.02608E+07
   12288000  2.42416E-26  2.10242E-04  1.02676E+07
   16384000  2.42400E-26  1.82080E-04  1.02725E+07
   20480000  2.42402E-26  1.62891E-04  1.02714E+07
   24576000  2.42376E-26  1.48692E-04  1.02674E+07
   28672000  2.42377E-26  1.37672E-04  1.02646E+07
   32768000  2.42360E-26  1.28764E-04  1.02701E+07
   36864000  2.42383E-26  1.21394E-04  1.02725E+07
   40960000  2.42380E-26  1.15152E-04  1.02765E+07
   44980486  2.42378E-26  1.09883E-04  1.02780E+07
