mcnp       5     05/08/13 21:58:52     2    56048242      586754535
 Run-script for NE506 project - Matthew Klebenow                                
ntal     2
    4   14
tally    4    1    0
     Tally of the flux reported in VITAMIN-J 175Gp structure                    
f        1
      1
d        1
u        0
s        0
m        0
c        0
et     176
  1.00001E-07  4.13994E-07  5.31579E-07  6.82560E-07  8.76425E-07  1.12300E-06
  1.44000E-06  1.85539E-06  2.38237E-06  3.05902E-06  3.92786E-06  5.04348E-06
  6.47595E-06  8.31529E-06  1.06770E-05  1.37096E-05  1.76035E-05  2.26033E-05
  2.90232E-05  3.72665E-05  4.78512E-05  6.14421E-05  7.88932E-05  1.01301E-04
  1.30073E-04  1.67017E-04  2.14454E-04  2.75364E-04  3.53575E-04  4.53999E-04
  5.82947E-04  7.48518E-04  9.61117E-04  1.23410E-03  1.58461E-03  2.03468E-03
  2.24867E-03  2.48517E-03  2.61259E-03  2.74654E-03  3.03539E-03  3.35463E-03
  3.70744E-03  4.30742E-03  5.53084E-03  7.10174E-03  9.11882E-03  1.05946E-02
  1.17088E-02  1.50344E-02  1.93045E-02  2.18749E-02  2.35786E-02  2.41755E-02
  2.47875E-02  2.60584E-02  2.70001E-02  2.85011E-02  3.18278E-02  3.43067E-02
  4.08677E-02  4.63092E-02  5.24752E-02  5.65622E-02  6.73795E-02  7.20245E-02
  7.94987E-02  8.25034E-02  8.65170E-02  9.80365E-02  1.11090E-01  1.16786E-01
  1.22773E-01  1.29068E-01  1.35686E-01  1.42642E-01  1.49956E-01  1.57644E-01
  1.65727E-01  1.74224E-01  1.83156E-01  1.92547E-01  2.02419E-01  2.12797E-01
  2.23708E-01  2.35177E-01  2.47235E-01  2.73237E-01  2.87246E-01  2.94518E-01
  2.97211E-01  2.98491E-01  3.01974E-01  3.33733E-01  3.68832E-01  3.87742E-01
  4.07622E-01  4.50492E-01  4.97871E-01  5.23397E-01  5.50232E-01  5.78443E-01
  6.08101E-01  6.39279E-01  6.72055E-01  7.06512E-01  7.42736E-01  7.80817E-01
  8.20850E-01  8.62936E-01  9.07180E-01  9.61672E-01  1.00259E+00  1.10803E+00
  1.16484E+00  1.22456E+00  1.28735E+00  1.35335E+00  1.42274E+00  1.49569E+00
  1.57237E+00  1.65299E+00  1.73774E+00  1.82684E+00  1.92050E+00  2.01897E+00
  2.12248E+00  2.23130E+00  2.30693E+00  2.34570E+00  2.36533E+00  2.38513E+00
  2.46597E+00  2.59240E+00  2.72532E+00  2.86505E+00  3.01194E+00  3.16637E+00
  3.32871E+00  3.67879E+00  4.06570E+00  4.49329E+00  4.72367E+00  4.96585E+00
  5.22046E+00  5.48812E+00  5.76950E+00  6.06531E+00  6.37628E+00  6.59241E+00
  6.70320E+00  7.04688E+00  7.40818E+00  7.78801E+00  8.18731E+00  8.60708E+00
  9.04837E+00  9.51229E+00  1.00000E+01  1.05127E+01  1.10517E+01  1.16183E+01
  1.22140E+01  1.25232E+01  1.28403E+01  1.34986E+01  1.38403E+01  1.41907E+01
  1.45499E+01  1.49182E+01  1.56831E+01  1.64872E+01  1.69046E+01  1.73325E+01
  1.96403E+01
t        0
vals
  0.00000E+00 0.0000  3.29580E-11 1.0000  0.00000E+00 0.0000  0.00000E+00 0.0000
  0.00000E+00 0.0000  0.00000E+00 0.0000  3.49133E-11 1.0000  2.23295E-10 0.5343
  4.46044E-11 1.0000  4.46044E-11 1.0000  1.93032E-10 0.6026  3.26457E-10 0.4483
  3.20600E-10 0.4439  5.14124E-10 0.3407  5.18456E-10 0.4473  4.47485E-10 0.3609
  5.38994E-10 0.2958  5.19445E-10 0.2911  1.23837E-09 0.2311  1.32551E-09 0.1966
  1.96922E-09 0.1684  1.92950E-09 0.1690  3.16056E-09 0.1364  2.98792E-09 0.1295
  4.97893E-09 0.1100  5.53252E-09 0.1020  8.16329E-09 0.0838  9.56767E-09 0.0771
  1.19445E-08 0.0678  1.54573E-08 0.0599  2.16452E-08 0.0503  2.69031E-08 0.0454
  3.39628E-08 0.0400  4.49167E-08 0.0353  5.99451E-08 0.0301  8.31280E-08 0.0258
  5.08395E-08 0.0304  8.29848E-08 0.0235  5.25830E-08 0.0258  4.70126E-08 0.0246
  3.19469E-08 0.0232  1.06332E-08 0.0291  4.22830E-08 0.0271  9.49516E-08 0.0223
  2.20115E-07 0.0158  2.54277E-07 0.0140  3.70513E-07 0.0120  2.89808E-07 0.0128
  3.14770E-07 0.0117  6.83924E-07 0.0087  9.23355E-07 0.0077  5.58997E-07 0.0092
  4.10677E-07 0.0104  1.74356E-07 0.0155  3.08376E-07 0.0118  8.43909E-07 0.0071
  2.10141E-07 0.0104  1.80096E-07 0.0098  1.30368E-06 0.0058  6.03517E-07 0.0072
  2.73474E-06 0.0042  2.03090E-06 0.0045  1.76307E-06 0.0047  1.62703E-06 0.0049
  3.27070E-06 0.0038  2.19834E-06 0.0043  2.41056E-06 0.0041  1.10402E-06 0.0057
  1.51597E-06 0.0050  4.89364E-06 0.0031  5.62761E-06 0.0029  2.43405E-06 0.0039
  2.56028E-06 0.0038  2.69602E-06 0.0037  2.86166E-06 0.0036  3.00607E-06 0.0035
  3.14802E-06 0.0034  3.29590E-06 0.0034  3.42250E-06 0.0033  3.50835E-06 0.0033
  3.59600E-06 0.0032  3.73658E-06 0.0032  3.89876E-06 0.0031  4.11460E-06 0.0030
  4.33606E-06 0.0030  4.55112E-06 0.0029  4.84323E-06 0.0028  1.04989E-05 0.0020
  5.65053E-06 0.0026  2.94470E-06 0.0035  1.10161E-06 0.0057  5.24371E-07 0.0083
  1.40876E-06 0.0051  1.29652E-05 0.0018  1.42624E-05 0.0017  7.68139E-06 0.0023
  8.02215E-06 0.0022  1.72124E-05 0.0016  1.89144E-05 0.0015  1.01342E-05 0.0020
  1.06198E-05 0.0019  1.10282E-05 0.0019  1.15261E-05 0.0019  1.20375E-05 0.0018
  1.24850E-05 0.0018  1.28932E-05 0.0018  1.34145E-05 0.0017  1.38962E-05 0.0017
  1.43287E-05 0.0017  1.48048E-05 0.0016  1.53788E-05 0.0016  1.86623E-05 0.0015
  1.38892E-05 0.0017  3.49249E-05 0.0011  1.82922E-05 0.0015  1.89155E-05 0.0014
  1.93481E-05 0.0014  1.97949E-05 0.0014  2.02065E-05 0.0014  2.05988E-05 0.0014
  2.10735E-05 0.0014  2.14017E-05 0.0014  2.18310E-05 0.0013  2.21903E-05 0.0013
  2.24821E-05 0.0013  2.27558E-05 0.0013  2.30289E-05 0.0013  2.31018E-05 0.0013
  1.54736E-05 0.0016  7.70394E-06 0.0022  3.84896E-06 0.0031  3.85551E-06 0.0031
  1.54828E-05 0.0016  2.32366E-05 0.0013  2.33900E-05 0.0013  2.35498E-05 0.0013
  2.39068E-05 0.0013  2.43302E-05 0.0013  2.48058E-05 0.0013  5.09992E-05 0.0009
  5.36044E-05 0.0009  5.69705E-05 0.0009  3.00018E-05 0.0012  3.09892E-05 0.0011
  3.22467E-05 0.0011  3.34045E-05 0.0011  3.46617E-05 0.0011  3.61345E-05 0.0011
  3.75205E-05 0.0010  2.58908E-05 0.0013  1.31839E-05 0.0017  4.07939E-05 0.0010
  4.24759E-05 0.0010  4.43021E-05 0.0010  4.62946E-05 0.0009  4.83038E-05 0.0009
  5.06323E-05 0.0009  5.29488E-05 0.0009  5.56151E-05 0.0009  5.85548E-05 0.0008
  6.17526E-05 0.0008  6.52220E-05 0.0008  6.89745E-05 0.0008  3.60191E-05 0.0011
  3.70851E-05 0.0010  7.72839E-05 0.0007  4.02095E-05 0.0010  4.12212E-05 0.0010
  4.23923E-05 0.0010  4.34062E-05 0.0010  9.02034E-05 0.0007  9.45452E-05 0.0007
  4.90058E-05 0.0009  5.01585E-05 0.0009  2.66124E-04 0.0004  2.83854E-03 0.0001
tfc   14       1       1       1       1       1       1     176       1
    4096000  2.83848E-03  1.90004E-04  4.72824E+07
    8192000  2.83856E-03  1.34347E-04  4.72997E+07
   12288000  2.83855E-03  1.09657E-04  4.73419E+07
   16384000  2.83837E-03  0.00000E+00  1.00000E+30
   20480000  2.83834E-03  0.00000E+00  1.00000E+30
   24576000  2.83847E-03  0.00000E+00  1.00000E+30
   28672000  2.83845E-03  0.00000E+00  1.00000E+30
   32768000  2.83853E-03  0.00000E+00  1.00000E+30
   36864000  2.83857E-03  0.00000E+00  1.00000E+30
   40960000  2.83857E-03  0.00000E+00  1.00000E+30
   45056000  2.83859E-03  0.00000E+00  1.00000E+30
   49152000  2.83856E-03  0.00000E+00  1.00000E+30
   53248000  2.83849E-03  0.00000E+00  1.00000E+30
   56048242  2.83854E-03  0.00000E+00  1.00000E+30
tally   14    1    0
     Tally of the total xs reaction                                             
f        1
      1
d        1
u        0
s        0
m        1
c        0
et     176
  1.00001E-07  4.13994E-07  5.31579E-07  6.82560E-07  8.76425E-07  1.12300E-06
  1.44000E-06  1.85539E-06  2.38237E-06  3.05902E-06  3.92786E-06  5.04348E-06
  6.47595E-06  8.31529E-06  1.06770E-05  1.37096E-05  1.76035E-05  2.26033E-05
  2.90232E-05  3.72665E-05  4.78512E-05  6.14421E-05  7.88932E-05  1.01301E-04
  1.30073E-04  1.67017E-04  2.14454E-04  2.75364E-04  3.53575E-04  4.53999E-04
  5.82947E-04  7.48518E-04  9.61117E-04  1.23410E-03  1.58461E-03  2.03468E-03
  2.24867E-03  2.48517E-03  2.61259E-03  2.74654E-03  3.03539E-03  3.35463E-03
  3.70744E-03  4.30742E-03  5.53084E-03  7.10174E-03  9.11882E-03  1.05946E-02
  1.17088E-02  1.50344E-02  1.93045E-02  2.18749E-02  2.35786E-02  2.41755E-02
  2.47875E-02  2.60584E-02  2.70001E-02  2.85011E-02  3.18278E-02  3.43067E-02
  4.08677E-02  4.63092E-02  5.24752E-02  5.65622E-02  6.73795E-02  7.20245E-02
  7.94987E-02  8.25034E-02  8.65170E-02  9.80365E-02  1.11090E-01  1.16786E-01
  1.22773E-01  1.29068E-01  1.35686E-01  1.42642E-01  1.49956E-01  1.57644E-01
  1.65727E-01  1.74224E-01  1.83156E-01  1.92547E-01  2.02419E-01  2.12797E-01
  2.23708E-01  2.35177E-01  2.47235E-01  2.73237E-01  2.87246E-01  2.94518E-01
  2.97211E-01  2.98491E-01  3.01974E-01  3.33733E-01  3.68832E-01  3.87742E-01
  4.07622E-01  4.50492E-01  4.97871E-01  5.23397E-01  5.50232E-01  5.78443E-01
  6.08101E-01  6.39279E-01  6.72055E-01  7.06512E-01  7.42736E-01  7.80817E-01
  8.20850E-01  8.62936E-01  9.07180E-01  9.61672E-01  1.00259E+00  1.10803E+00
  1.16484E+00  1.22456E+00  1.28735E+00  1.35335E+00  1.42274E+00  1.49569E+00
  1.57237E+00  1.65299E+00  1.73774E+00  1.82684E+00  1.92050E+00  2.01897E+00
  2.12248E+00  2.23130E+00  2.30693E+00  2.34570E+00  2.36533E+00  2.38513E+00
  2.46597E+00  2.59240E+00  2.72532E+00  2.86505E+00  3.01194E+00  3.16637E+00
  3.32871E+00  3.67879E+00  4.06570E+00  4.49329E+00  4.72367E+00  4.96585E+00
  5.22046E+00  5.48812E+00  5.76950E+00  6.06531E+00  6.37628E+00  6.59241E+00
  6.70320E+00  7.04688E+00  7.40818E+00  7.78801E+00  8.18731E+00  8.60708E+00
  9.04837E+00  9.51229E+00  1.00000E+01  1.05127E+01  1.10517E+01  1.16183E+01
  1.22140E+01  1.25232E+01  1.28403E+01  1.34986E+01  1.38403E+01  1.41907E+01
  1.45499E+01  1.49182E+01  1.56831E+01  1.64872E+01  1.69046E+01  1.73325E+01
  1.96403E+01
t        0
vals
  0.00000E+00 0.0000  1.23311E-34 1.0000  0.00000E+00 0.0000  0.00000E+00 0.0000
  0.00000E+00 0.0000  0.00000E+00 0.0000  1.16137E-34 1.0000  7.37403E-34 0.5340
  1.46171E-34 1.0000  1.44988E-34 1.0000  6.24857E-34 0.6029  1.05155E-33 0.4483
  1.02704E-33 0.4439  1.63968E-33 0.3407  1.64706E-33 0.4475  1.41552E-33 0.3609
  1.69911E-33 0.2958  1.63103E-33 0.2910  3.87721E-33 0.2311  4.13481E-33 0.1967
  6.11862E-33 0.1683  5.96908E-33 0.1690  9.73024E-33 0.1364  9.14330E-33 0.1295
  1.51384E-32 0.1100  1.66764E-32 0.1020  2.43600E-32 0.0838  2.81935E-32 0.0771
  3.46269E-32 0.0679  4.39374E-32 0.0599  6.03569E-32 0.0503  7.57322E-32 0.0457
  8.80227E-32 0.0401  1.11508E-31 0.0353  1.43374E-31 0.0301  2.03429E-31 0.0258
  1.45790E-31 0.0304  3.26044E-31 0.0235  3.15684E-31 0.0258  4.66482E-31 0.0245
  1.16113E-30 0.0216  1.02211E-30 0.0242  6.19343E-31 0.0266  5.61769E-31 0.0225
  6.22694E-31 0.0161  3.56680E-31 0.0147  1.55950E-30 0.0168  6.69010E-31 0.0165
  4.05060E-31 0.0190  4.18153E-30 0.0102  5.95637E-30 0.0089  1.58936E-30 0.0105
  7.09001E-31 0.0105  3.52088E-31 0.0195  2.63551E-31 0.0121  1.32023E-30 0.0080
  3.57594E-30 0.0098  4.96525E-30 0.0091  7.37255E-30 0.0060  7.12235E-30 0.0071
  1.65157E-29 0.0048  1.65249E-29 0.0046  1.90497E-29 0.0048  1.02388E-29 0.0052
  2.22308E-29 0.0040  7.05583E-30 0.0051  1.60796E-29 0.0041  5.06505E-30 0.0057
  6.43212E-30 0.0050  1.87690E-29 0.0031  2.73217E-29 0.0029  1.20561E-29 0.0039
  1.24080E-29 0.0038  1.27643E-29 0.0037  1.32099E-29 0.0036  1.35036E-29 0.0035
  1.37315E-29 0.0034  1.40411E-29 0.0034  1.41995E-29 0.0033  1.42574E-29 0.0033
  1.43173E-29 0.0032  1.45358E-29 0.0032  1.47801E-29 0.0031  1.53012E-29 0.0030
  1.58581E-29 0.0030  1.63503E-29 0.0029  1.70694E-29 0.0028  3.58377E-29 0.0020
  1.86277E-29 0.0026  9.52435E-30 0.0035  3.53089E-30 0.0057  1.67461E-30 0.0083
  4.48155E-30 0.0051  4.05524E-29 0.0018  4.31882E-29 0.0017  2.26391E-29 0.0023
  2.31933E-29 0.0022  4.88082E-29 0.0016  5.22549E-29 0.0015  2.74877E-29 0.0020
  2.85847E-29 0.0019  2.94393E-29 0.0019  3.05026E-29 0.0019  3.17050E-29 0.0018
  3.27734E-29 0.0018  3.37372E-29 0.0018  3.51022E-29 0.0017  3.64226E-29 0.0017
  3.76417E-29 0.0017  3.91205E-29 0.0016  4.09002E-29 0.0016  5.01377E-29 0.0015
  3.77160E-29 0.0017  9.71227E-29 0.0011  5.23116E-29 0.0015  5.51189E-29 0.0014
  5.74432E-29 0.0014  5.98925E-29 0.0014  6.22989E-29 0.0014  6.46965E-29 0.0014
  6.75292E-29 0.0014  7.00702E-29 0.0014  7.29600E-29 0.0013  7.56983E-29 0.0013
  7.81806E-29 0.0013  8.05207E-29 0.0013  8.27253E-29 0.0013  8.41473E-29 0.0013
  5.68904E-29 0.0016  2.84566E-29 0.0022  1.42503E-29 0.0031  1.42967E-29 0.0031
  5.76346E-29 0.0016  8.70935E-29 0.0013  8.80665E-29 0.0013  8.89566E-29 0.0013
  9.04526E-29 0.0013  9.18813E-29 0.0013  9.33687E-29 0.0013  1.90808E-28 0.0009
  1.97739E-28 0.0009  2.06233E-28 0.0009  1.06825E-28 0.0012  1.08979E-28 0.0011
  1.11937E-28 0.0011  1.14355E-28 0.0011  1.16955E-28 0.0011  1.20093E-28 0.0011
  1.22724E-28 0.0010  8.35399E-29 0.0013  4.21740E-29 0.0017  1.28973E-28 0.0010
  1.31852E-28 0.0010  1.34915E-28 0.0010  1.38177E-28 0.0009  1.41187E-28 0.0009
  1.44830E-28 0.0009  1.48127E-28 0.0009  1.52156E-28 0.0009  1.56623E-28 0.0008
  1.61528E-28 0.0008  1.66798E-28 0.0008  1.72539E-28 0.0008  8.85624E-29 0.0011
  9.01562E-29 0.0010  1.84744E-28 0.0007  9.44776E-29 0.0010  9.57761E-29 0.0010
  9.73996E-29 0.0010  9.86243E-29 0.0010  2.01669E-28 0.0007  2.07028E-28 0.0007
  1.05740E-28 0.0009  1.07202E-28 0.0009  5.54913E-28 0.0004  8.23421E-27 0.0001
tfc   14       1       1       1       1       1       1     176       1
    4096000  8.23482E-27  2.62335E-04  2.48034E+07
    8192000  8.23498E-27  1.85591E-04  2.47859E+07
   12288000  8.23443E-27  1.51434E-04  2.48239E+07
   16384000  8.23394E-27  1.31136E-04  2.48293E+07
   20480000  8.23359E-27  1.17300E-04  2.46600E+07
   24576000  8.23363E-27  1.07070E-04  2.46903E+07
   28672000  8.23372E-27  0.00000E+00  1.00000E+30
   32768000  8.23399E-27  0.00000E+00  1.00000E+30
   36864000  8.23429E-27  0.00000E+00  1.00000E+30
   40960000  8.23419E-27  0.00000E+00  1.00000E+30
   45056000  8.23413E-27  0.00000E+00  1.00000E+30
   49152000  8.23415E-27  0.00000E+00  1.00000E+30
   53248000  8.23391E-27  0.00000E+00  1.00000E+30
   56048242  8.23421E-27  0.00000E+00  1.00000E+30
