mcnp       5     05/08/13 21:57:35     2    55201434      585230041
 Run-script for NE506 project - Matthew Klebenow                                
ntal     2
    4   14
tally    4    1    0
     Tally of the flux reported in VITAMIN-J 175Gp structure                    
f        1
      1
d        1
u        0
s        0
m        0
c        0
et     176
  1.00001E-07  4.13994E-07  5.31579E-07  6.82560E-07  8.76425E-07  1.12300E-06
  1.44000E-06  1.85539E-06  2.38237E-06  3.05902E-06  3.92786E-06  5.04348E-06
  6.47595E-06  8.31529E-06  1.06770E-05  1.37096E-05  1.76035E-05  2.26033E-05
  2.90232E-05  3.72665E-05  4.78512E-05  6.14421E-05  7.88932E-05  1.01301E-04
  1.30073E-04  1.67017E-04  2.14454E-04  2.75364E-04  3.53575E-04  4.53999E-04
  5.82947E-04  7.48518E-04  9.61117E-04  1.23410E-03  1.58461E-03  2.03468E-03
  2.24867E-03  2.48517E-03  2.61259E-03  2.74654E-03  3.03539E-03  3.35463E-03
  3.70744E-03  4.30742E-03  5.53084E-03  7.10174E-03  9.11882E-03  1.05946E-02
  1.17088E-02  1.50344E-02  1.93045E-02  2.18749E-02  2.35786E-02  2.41755E-02
  2.47875E-02  2.60584E-02  2.70001E-02  2.85011E-02  3.18278E-02  3.43067E-02
  4.08677E-02  4.63092E-02  5.24752E-02  5.65622E-02  6.73795E-02  7.20245E-02
  7.94987E-02  8.25034E-02  8.65170E-02  9.80365E-02  1.11090E-01  1.16786E-01
  1.22773E-01  1.29068E-01  1.35686E-01  1.42642E-01  1.49956E-01  1.57644E-01
  1.65727E-01  1.74224E-01  1.83156E-01  1.92547E-01  2.02419E-01  2.12797E-01
  2.23708E-01  2.35177E-01  2.47235E-01  2.73237E-01  2.87246E-01  2.94518E-01
  2.97211E-01  2.98491E-01  3.01974E-01  3.33733E-01  3.68832E-01  3.87742E-01
  4.07622E-01  4.50492E-01  4.97871E-01  5.23397E-01  5.50232E-01  5.78443E-01
  6.08101E-01  6.39279E-01  6.72055E-01  7.06512E-01  7.42736E-01  7.80817E-01
  8.20850E-01  8.62936E-01  9.07180E-01  9.61672E-01  1.00259E+00  1.10803E+00
  1.16484E+00  1.22456E+00  1.28735E+00  1.35335E+00  1.42274E+00  1.49569E+00
  1.57237E+00  1.65299E+00  1.73774E+00  1.82684E+00  1.92050E+00  2.01897E+00
  2.12248E+00  2.23130E+00  2.30693E+00  2.34570E+00  2.36533E+00  2.38513E+00
  2.46597E+00  2.59240E+00  2.72532E+00  2.86505E+00  3.01194E+00  3.16637E+00
  3.32871E+00  3.67879E+00  4.06570E+00  4.49329E+00  4.72367E+00  4.96585E+00
  5.22046E+00  5.48812E+00  5.76950E+00  6.06531E+00  6.37628E+00  6.59241E+00
  6.70320E+00  7.04688E+00  7.40818E+00  7.78801E+00  8.18731E+00  8.60708E+00
  9.04837E+00  9.51229E+00  1.00000E+01  1.05127E+01  1.10517E+01  1.16183E+01
  1.22140E+01  1.25232E+01  1.28403E+01  1.34986E+01  1.38403E+01  1.41907E+01
  1.45499E+01  1.49182E+01  1.56831E+01  1.64872E+01  1.69046E+01  1.73325E+01
  1.96403E+01
t        0
vals
  0.00000E+00 0.0000  3.85605E-11 1.0000  0.00000E+00 0.0000  0.00000E+00 0.0000
  0.00000E+00 0.0000  0.00000E+00 0.0000  3.06793E-11 1.0000  1.76306E-10 0.5370
  4.52887E-11 1.0000  4.52887E-11 1.0000  2.40240E-10 0.5841  2.67492E-10 0.4255
  3.41353E-10 0.4801  4.25789E-10 0.3353  4.93611E-10 0.3892  6.44277E-10 0.3464
  5.37449E-10 0.3192  6.21900E-10 0.2730  1.21696E-09 0.2282  1.42382E-09 0.1926
  1.88045E-09 0.1685  1.86899E-09 0.1681  2.88968E-09 0.1390  3.06814E-09 0.1353
  5.31612E-09 0.1070  5.95348E-09 0.1000  8.72505E-09 0.0825  1.01975E-08 0.0787
  1.28285E-08 0.0668  1.72969E-08 0.0590  2.41068E-08 0.0501  3.09123E-08 0.0451
  3.75096E-08 0.0397  5.26071E-08 0.0341  7.22373E-08 0.0293  9.59916E-08 0.0252
  4.56436E-08 0.0312  5.23740E-08 0.0292  3.06216E-08 0.0342  3.32221E-08 0.0325
  7.23563E-08 0.0243  8.96530E-08 0.0217  1.17001E-07 0.0187  2.52040E-07 0.0136
  8.31215E-07 0.0084  1.60157E-06 0.0058  2.10825E-06 0.0047  1.13899E-06 0.0046
  6.04765E-07 0.0048  9.32576E-07 0.0041  4.81141E-07 0.0042  3.31489E-07 0.0050
  1.15437E-07 0.0062  6.92499E-08 0.0090  8.13763E-08 0.0090  1.93912E-07 0.0071
  1.63184E-07 0.0083  2.86059E-07 0.0073  8.02177E-07 0.0061  1.00618E-06 0.0060
  1.75381E-06 0.0049  1.54425E-06 0.0052  3.93300E-06 0.0035  7.10299E-07 0.0047
  3.31601E-06 0.0036  1.61431E-06 0.0047  2.46687E-06 0.0041  1.22803E-06 0.0054
  1.37016E-06 0.0051  4.07286E-06 0.0034  4.77967E-06 0.0032  2.32655E-06 0.0042
  2.42802E-06 0.0041  2.80793E-06 0.0038  2.37468E-06 0.0040  2.43261E-06 0.0040
  2.84182E-06 0.0038  2.70169E-06 0.0039  2.89610E-06 0.0038  3.10116E-06 0.0037
  4.60568E-06 0.0031  4.76070E-06 0.0030  2.99469E-06 0.0034  3.71278E-06 0.0033
  4.00533E-06 0.0032  6.07151E-06 0.0027  9.02933E-06 0.0022  1.01014E-05 0.0020
  5.27508E-06 0.0027  2.53645E-06 0.0038  9.00928E-07 0.0062  4.14403E-07 0.0091
  1.52743E-06 0.0052  1.45526E-05 0.0018  1.34546E-05 0.0018  7.58673E-06 0.0024
  9.23264E-06 0.0022  2.06569E-05 0.0015  1.91963E-05 0.0015  1.05397E-05 0.0020
  1.12469E-05 0.0020  1.27977E-05 0.0019  1.24911E-05 0.0018  1.36323E-05 0.0018
  1.70629E-05 0.0016  1.41184E-05 0.0017  1.46296E-05 0.0017  1.39191E-05 0.0017
  1.63917E-05 0.0016  1.74335E-05 0.0016  1.65187E-05 0.0016  2.21645E-05 0.0014
  1.43354E-05 0.0017  3.59174E-05 0.0011  2.01512E-05 0.0015  1.96886E-05 0.0015
  2.06521E-05 0.0014  2.21005E-05 0.0014  2.15902E-05 0.0014  2.21309E-05 0.0014
  2.28661E-05 0.0013  2.28177E-05 0.0013  2.40355E-05 0.0013  2.51087E-05 0.0013
  2.56449E-05 0.0013  2.51723E-05 0.0013  2.59109E-05 0.0013  2.62984E-05 0.0013
  1.80530E-05 0.0015  8.94438E-06 0.0021  4.55156E-06 0.0029  4.42171E-06 0.0029
  1.81182E-05 0.0015  2.70438E-05 0.0012  2.63373E-05 0.0012  2.75873E-05 0.0012
  2.73172E-05 0.0012  2.80154E-05 0.0012  2.81994E-05 0.0012  5.73046E-05 0.0009
  5.89601E-05 0.0009  6.15084E-05 0.0008  3.21873E-05 0.0011  3.27485E-05 0.0011
  3.39171E-05 0.0011  3.51854E-05 0.0011  3.63823E-05 0.0011  3.79368E-05 0.0011
  3.92773E-05 0.0010  2.70770E-05 0.0012  1.37870E-05 0.0017  4.25389E-05 0.0010
  4.41958E-05 0.0010  4.59539E-05 0.0010  4.79525E-05 0.0009  4.99140E-05 0.0009
  5.21583E-05 0.0009  5.43316E-05 0.0009  5.67828E-05 0.0009  5.94093E-05 0.0008
  6.20639E-05 0.0008  6.48912E-05 0.0008  6.77596E-05 0.0008  3.50770E-05 0.0011
  3.59619E-05 0.0011  7.44997E-05 0.0007  3.85780E-05 0.0010  3.94559E-05 0.0010
  4.05446E-05 0.0010  4.14707E-05 0.0010  8.60335E-05 0.0007  8.99006E-05 0.0007
  4.66291E-05 0.0009  4.77585E-05 0.0009  2.53544E-04 0.0004  2.93278E-03 0.0001
tfc   14       1       1       1       1       1       1     176       1
    4096000  2.93269E-03  2.07466E-04  3.89182E+07
    8192000  2.93268E-03  1.46764E-04  3.89281E+07
   12288000  2.93274E-03  1.19826E-04  3.89378E+07
   16384000  2.93256E-03  1.03720E-04  3.89825E+07
   20480000  2.93258E-03  0.00000E+00  1.00000E+30
   24576000  2.93272E-03  0.00000E+00  1.00000E+30
   28672000  2.93276E-03  0.00000E+00  1.00000E+30
   32768000  2.93284E-03  0.00000E+00  1.00000E+30
   36864000  2.93287E-03  0.00000E+00  1.00000E+30
   40960000  2.93280E-03  0.00000E+00  1.00000E+30
   45056000  2.93282E-03  0.00000E+00  1.00000E+30
   49152000  2.93284E-03  0.00000E+00  1.00000E+30
   53248000  2.93274E-03  0.00000E+00  1.00000E+30
   55201434  2.93278E-03  0.00000E+00  1.00000E+30
tally   14    1    0
     Tally of the total xs reaction                                             
f        1
      1
d        1
u        0
s        0
m        1
c        0
et     176
  1.00001E-07  4.13994E-07  5.31579E-07  6.82560E-07  8.76425E-07  1.12300E-06
  1.44000E-06  1.85539E-06  2.38237E-06  3.05902E-06  3.92786E-06  5.04348E-06
  6.47595E-06  8.31529E-06  1.06770E-05  1.37096E-05  1.76035E-05  2.26033E-05
  2.90232E-05  3.72665E-05  4.78512E-05  6.14421E-05  7.88932E-05  1.01301E-04
  1.30073E-04  1.67017E-04  2.14454E-04  2.75364E-04  3.53575E-04  4.53999E-04
  5.82947E-04  7.48518E-04  9.61117E-04  1.23410E-03  1.58461E-03  2.03468E-03
  2.24867E-03  2.48517E-03  2.61259E-03  2.74654E-03  3.03539E-03  3.35463E-03
  3.70744E-03  4.30742E-03  5.53084E-03  7.10174E-03  9.11882E-03  1.05946E-02
  1.17088E-02  1.50344E-02  1.93045E-02  2.18749E-02  2.35786E-02  2.41755E-02
  2.47875E-02  2.60584E-02  2.70001E-02  2.85011E-02  3.18278E-02  3.43067E-02
  4.08677E-02  4.63092E-02  5.24752E-02  5.65622E-02  6.73795E-02  7.20245E-02
  7.94987E-02  8.25034E-02  8.65170E-02  9.80365E-02  1.11090E-01  1.16786E-01
  1.22773E-01  1.29068E-01  1.35686E-01  1.42642E-01  1.49956E-01  1.57644E-01
  1.65727E-01  1.74224E-01  1.83156E-01  1.92547E-01  2.02419E-01  2.12797E-01
  2.23708E-01  2.35177E-01  2.47235E-01  2.73237E-01  2.87246E-01  2.94518E-01
  2.97211E-01  2.98491E-01  3.01974E-01  3.33733E-01  3.68832E-01  3.87742E-01
  4.07622E-01  4.50492E-01  4.97871E-01  5.23397E-01  5.50232E-01  5.78443E-01
  6.08101E-01  6.39279E-01  6.72055E-01  7.06512E-01  7.42736E-01  7.80817E-01
  8.20850E-01  8.62936E-01  9.07180E-01  9.61672E-01  1.00259E+00  1.10803E+00
  1.16484E+00  1.22456E+00  1.28735E+00  1.35335E+00  1.42274E+00  1.49569E+00
  1.57237E+00  1.65299E+00  1.73774E+00  1.82684E+00  1.92050E+00  2.01897E+00
  2.12248E+00  2.23130E+00  2.30693E+00  2.34570E+00  2.36533E+00  2.38513E+00
  2.46597E+00  2.59240E+00  2.72532E+00  2.86505E+00  3.01194E+00  3.16637E+00
  3.32871E+00  3.67879E+00  4.06570E+00  4.49329E+00  4.72367E+00  4.96585E+00
  5.22046E+00  5.48812E+00  5.76950E+00  6.06531E+00  6.37628E+00  6.59241E+00
  6.70320E+00  7.04688E+00  7.40818E+00  7.78801E+00  8.18731E+00  8.60708E+00
  9.04837E+00  9.51229E+00  1.00000E+01  1.05127E+01  1.10517E+01  1.16183E+01
  1.22140E+01  1.25232E+01  1.28403E+01  1.34986E+01  1.38403E+01  1.41907E+01
  1.45499E+01  1.49182E+01  1.56831E+01  1.64872E+01  1.69046E+01  1.73325E+01
  1.96403E+01
t        0
vals
  0.00000E+00 0.0000  2.76862E-34 1.0000  0.00000E+00 0.0000  0.00000E+00 0.0000
  0.00000E+00 0.0000  0.00000E+00 0.0000  1.65319E-34 1.0000  9.31369E-34 0.5369
  2.33956E-34 1.0000  2.28579E-34 1.0000  1.19819E-33 0.5839  1.31525E-33 0.4252
  1.65493E-33 0.4803  2.03632E-33 0.3353  2.33542E-33 0.3895  3.01807E-33 0.3465
  2.49843E-33 0.3193  2.86632E-33 0.2730  5.58229E-33 0.2282  6.49788E-33 0.1926
  8.54703E-33 0.1685  8.46877E-33 0.1681  1.30709E-32 0.1390  1.38707E-32 0.1353
  2.40545E-32 0.1070  2.70113E-32 0.1000  3.97603E-32 0.0825  4.67889E-32 0.0787
  5.94608E-32 0.0668  8.12717E-32 0.0590  1.15341E-31 0.0501  1.51520E-31 0.0451
  1.89783E-31 0.0397  2.77744E-31 0.0341  4.02503E-31 0.0293  5.73867E-31 0.0252
  2.89433E-31 0.0312  3.45755E-31 0.0291  2.08929E-31 0.0342  2.32096E-31 0.0325
  5.25838E-31 0.0243  6.89445E-31 0.0217  9.58510E-31 0.0187  2.26507E-30 0.0136
  8.99875E-30 0.0084  2.29746E-29 0.0058  4.41705E-29 0.0046  3.57752E-29 0.0046
  2.63728E-29 0.0048  7.00109E-29 0.0041  6.69687E-29 0.0042  2.93317E-29 0.0050
  1.62571E-29 0.0059  4.94640E-30 0.0089  4.79452E-30 0.0090  9.01000E-30 0.0071
  5.95118E-30 0.0083  8.20131E-30 0.0073  1.43720E-29 0.0061  8.30986E-30 0.0060
  2.98394E-29 0.0049  1.49218E-29 0.0053  2.57319E-29 0.0039  2.49741E-29 0.0045
  4.31810E-29 0.0036  1.37557E-29 0.0047  1.89247E-29 0.0041  6.24940E-30 0.0055
  9.36656E-30 0.0053  2.24667E-29 0.0034  2.06492E-29 0.0032  8.38844E-30 0.0042
  9.97031E-30 0.0045  9.88578E-30 0.0038  1.23310E-29 0.0045  1.15418E-29 0.0041
  9.26341E-30 0.0038  9.87988E-30 0.0042  7.63808E-30 0.0039  6.17763E-30 0.0037
  4.70408E-30 0.0033  1.33799E-29 0.0041  2.05425E-29 0.0035  1.28391E-29 0.0034
  9.53352E-30 0.0033  8.50246E-30 0.0032  1.46716E-29 0.0035  7.62942E-29 0.0021
  2.74609E-29 0.0027  1.22681E-29 0.0038  4.26172E-30 0.0063  2.03070E-30 0.0092
  2.70212E-30 0.0066  2.66146E-29 0.0020  3.46683E-29 0.0020  8.26714E-30 0.0025
  6.83649E-30 0.0031  2.88496E-29 0.0017  5.86486E-29 0.0016  1.76996E-29 0.0023
  1.86558E-29 0.0022  1.43760E-29 0.0021  2.59432E-29 0.0021  3.04392E-29 0.0019
  2.36586E-29 0.0017  5.62040E-29 0.0017  4.70623E-29 0.0018  4.24061E-29 0.0017
  2.73114E-29 0.0017  3.13525E-29 0.0017  4.52894E-29 0.0016  4.41302E-29 0.0015
  4.53631E-29 0.0017  8.55723E-29 0.0012  3.46238E-29 0.0016  4.82205E-29 0.0015
  4.47522E-29 0.0015  5.21652E-29 0.0014  6.72070E-29 0.0014  6.23221E-29 0.0014
  6.04297E-29 0.0014  6.45238E-29 0.0014  6.31488E-29 0.0013  6.72180E-29 0.0013
  7.50132E-29 0.0013  8.26310E-29 0.0013  8.22356E-29 0.0013  8.20645E-29 0.0013
  5.59766E-29 0.0015  2.75453E-29 0.0021  1.41757E-29 0.0029  1.50039E-29 0.0029
  6.18258E-29 0.0015  9.12215E-29 0.0012  9.42173E-29 0.0013  8.34799E-29 0.0012
  9.17704E-29 0.0012  8.90557E-29 0.0012  9.46394E-29 0.0012  1.99018E-28 0.0009
  1.97859E-28 0.0009  2.20317E-28 0.0008  1.15090E-28 0.0011  1.18719E-28 0.0011
  1.20418E-28 0.0011  1.19060E-28 0.0011  1.23914E-28 0.0011  1.26789E-28 0.0011
  1.29949E-28 0.0010  8.89817E-29 0.0012  4.51411E-29 0.0017  1.38506E-28 0.0010
  1.41587E-28 0.0010  1.44229E-28 0.0010  1.47192E-28 0.0009  1.49541E-28 0.0009
  1.52185E-28 0.0009  1.53991E-28 0.0009  1.55869E-28 0.0009  1.58125E-28 0.0008
  1.60391E-28 0.0008  1.62387E-28 0.0008  1.63495E-28 0.0008  8.21388E-29 0.0011
  8.32191E-29 0.0011  1.71641E-28 0.0007  8.84242E-29 0.0010  9.01826E-29 0.0010
  9.22585E-29 0.0010  9.39924E-29 0.0010  1.93689E-28 0.0007  2.00313E-28 0.0007
  1.02969E-28 0.0009  1.04787E-28 0.0009  5.43343E-28 0.0004  8.51288E-27 0.0002
tfc   14       1       1       1       1       1       1     176       1
    4096000  8.51832E-27  6.46031E-04  4.01366E+06
    8192000  8.51502E-27  4.55503E-04  4.04128E+06
   12288000  8.51520E-27  3.71839E-04  4.04357E+06
   16384000  8.51219E-27  3.20821E-04  4.07443E+06
   20480000  8.51146E-27  2.86670E-04  4.08231E+06
   24576000  8.51162E-27  2.61734E-04  4.08085E+06
   28672000  8.51278E-27  2.42778E-04  4.06482E+06
   32768000  8.51269E-27  2.27074E-04  4.06572E+06
   36864000  8.51279E-27  2.13997E-04  4.06877E+06
   40960000  8.51262E-27  2.03009E-04  4.06907E+06
   45056000  8.51278E-27  1.93566E-04  4.06850E+06
   49152000  8.51316E-27  1.85381E-04  4.06591E+06
   53248000  8.51213E-27  1.77981E-04  4.07188E+06
   55201434  8.51288E-27  1.74935E-04  4.05852E+06
