mcnp       5     05/08/13 21:38:20     2    54959019      608912099
 Run-script for NE506 project - Matthew Klebenow                                
ntal     2
    4   14
tally    4    1    0
     Tally of the flux reported in VITAMIN-J 175Gp structure                    
f        1
      1
d        1
u        0
s        0
m        0
c        0
et     176
  1.00001E-07  4.13994E-07  5.31579E-07  6.82560E-07  8.76425E-07  1.12300E-06
  1.44000E-06  1.85539E-06  2.38237E-06  3.05902E-06  3.92786E-06  5.04348E-06
  6.47595E-06  8.31529E-06  1.06770E-05  1.37096E-05  1.76035E-05  2.26033E-05
  2.90232E-05  3.72665E-05  4.78512E-05  6.14421E-05  7.88932E-05  1.01301E-04
  1.30073E-04  1.67017E-04  2.14454E-04  2.75364E-04  3.53575E-04  4.53999E-04
  5.82947E-04  7.48518E-04  9.61117E-04  1.23410E-03  1.58461E-03  2.03468E-03
  2.24867E-03  2.48517E-03  2.61259E-03  2.74654E-03  3.03539E-03  3.35463E-03
  3.70744E-03  4.30742E-03  5.53084E-03  7.10174E-03  9.11882E-03  1.05946E-02
  1.17088E-02  1.50344E-02  1.93045E-02  2.18749E-02  2.35786E-02  2.41755E-02
  2.47875E-02  2.60584E-02  2.70001E-02  2.85011E-02  3.18278E-02  3.43067E-02
  4.08677E-02  4.63092E-02  5.24752E-02  5.65622E-02  6.73795E-02  7.20245E-02
  7.94987E-02  8.25034E-02  8.65170E-02  9.80365E-02  1.11090E-01  1.16786E-01
  1.22773E-01  1.29068E-01  1.35686E-01  1.42642E-01  1.49956E-01  1.57644E-01
  1.65727E-01  1.74224E-01  1.83156E-01  1.92547E-01  2.02419E-01  2.12797E-01
  2.23708E-01  2.35177E-01  2.47235E-01  2.73237E-01  2.87246E-01  2.94518E-01
  2.97211E-01  2.98491E-01  3.01974E-01  3.33733E-01  3.68832E-01  3.87742E-01
  4.07622E-01  4.50492E-01  4.97871E-01  5.23397E-01  5.50232E-01  5.78443E-01
  6.08101E-01  6.39279E-01  6.72055E-01  7.06512E-01  7.42736E-01  7.80817E-01
  8.20850E-01  8.62936E-01  9.07180E-01  9.61672E-01  1.00259E+00  1.10803E+00
  1.16484E+00  1.22456E+00  1.28735E+00  1.35335E+00  1.42274E+00  1.49569E+00
  1.57237E+00  1.65299E+00  1.73774E+00  1.82684E+00  1.92050E+00  2.01897E+00
  2.12248E+00  2.23130E+00  2.30693E+00  2.34570E+00  2.36533E+00  2.38513E+00
  2.46597E+00  2.59240E+00  2.72532E+00  2.86505E+00  3.01194E+00  3.16637E+00
  3.32871E+00  3.67879E+00  4.06570E+00  4.49329E+00  4.72367E+00  4.96585E+00
  5.22046E+00  5.48812E+00  5.76950E+00  6.06531E+00  6.37628E+00  6.59241E+00
  6.70320E+00  7.04688E+00  7.40818E+00  7.78801E+00  8.18731E+00  8.60708E+00
  9.04837E+00  9.51229E+00  1.00000E+01  1.05127E+01  1.10517E+01  1.16183E+01
  1.22140E+01  1.25232E+01  1.28403E+01  1.34986E+01  1.38403E+01  1.41907E+01
  1.45499E+01  1.49182E+01  1.56831E+01  1.64872E+01  1.69046E+01  1.73325E+01
  1.96403E+01
t        0
vals
  0.00000E+00 0.0000  3.86316E-11 1.0000  0.00000E+00 0.0000  0.00000E+00 0.0000
  0.00000E+00 0.0000  0.00000E+00 0.0000  3.79522E-11 1.0000  2.61197E-10 0.5589
  4.54884E-11 1.0000  4.54884E-11 1.0000  2.01610E-10 0.6024  3.87992E-10 0.4174
  3.64544E-10 0.4378  5.21655E-10 0.3407  5.39754E-10 0.4418  4.48777E-10 0.3592
  6.10975E-10 0.2896  5.35929E-10 0.3132  1.39722E-09 0.2396  1.52726E-09 0.1964
  2.01128E-09 0.1647  2.00686E-09 0.1709  3.06353E-09 0.1423  2.89462E-09 0.1352
  5.12109E-09 0.1117  6.09647E-09 0.1014  8.41642E-09 0.0833  9.59268E-09 0.0789
  1.18918E-08 0.0691  1.64183E-08 0.0597  2.33247E-08 0.0517  2.91032E-08 0.0459
  3.49936E-08 0.0416  4.67479E-08 0.0356  6.31630E-08 0.0308  8.20335E-08 0.0270
  3.83126E-08 0.0360  4.02087E-08 0.0347  2.20109E-08 0.0439  2.48461E-08 0.0415
  5.16370E-08 0.0308  5.72424E-08 0.0293  6.26895E-08 0.0283  1.04123E-07 0.0226
  2.30538E-07 0.0160  2.91916E-07 0.0142  3.85207E-07 0.0122  2.88024E-07 0.0136
  2.21536E-07 0.0149  6.61330E-07 0.0093  8.97946E-07 0.0080  5.50892E-07 0.0096
  3.71549E-07 0.0112  1.34452E-07 0.0177  1.40415E-07 0.0172  2.87640E-07 0.0123
  2.19988E-07 0.0139  3.38788E-07 0.0114  7.77093E-07 0.0080  5.97853E-07 0.0088
  1.60506E-06 0.0057  1.33577E-06 0.0061  1.55834E-06 0.0056  1.91799E-06 0.0050
  2.86358E-06 0.0042  1.49908E-06 0.0054  2.45743E-06 0.0044  1.05351E-06 0.0063
  1.34560E-06 0.0056  4.06452E-06 0.0035  4.68633E-06 0.0033  2.19171E-06 0.0045
  2.22471E-06 0.0044  2.47573E-06 0.0042  2.58367E-06 0.0041  2.73792E-06 0.0040
  2.87954E-06 0.0039  3.06567E-06 0.0038  3.17349E-06 0.0037  3.44941E-06 0.0036
  4.83296E-06 0.0031  3.52432E-06 0.0034  3.94097E-06 0.0033  4.40522E-06 0.0031
  4.79991E-06 0.0030  4.62358E-06 0.0031  5.10985E-06 0.0029  1.01068E-05 0.0021
  6.70524E-06 0.0026  4.71450E-06 0.0031  1.92747E-06 0.0049  9.13519E-07 0.0070
  2.03910E-06 0.0045  1.61646E-05 0.0017  1.78253E-05 0.0016  9.55302E-06 0.0021
  1.00168E-05 0.0020  2.15684E-05 0.0015  2.36292E-05 0.0014  1.27219E-05 0.0018
  1.33146E-05 0.0018  1.38551E-05 0.0018  1.44876E-05 0.0017  1.51172E-05 0.0017
  1.56562E-05 0.0017  1.62407E-05 0.0016  1.67796E-05 0.0016  1.72946E-05 0.0016
  1.79064E-05 0.0015  1.84319E-05 0.0015  1.91732E-05 0.0015  2.33251E-05 0.0014
  1.73664E-05 0.0016  4.41916E-05 0.0010  2.34490E-05 0.0014  2.44416E-05 0.0013
  2.53446E-05 0.0013  2.62920E-05 0.0013  2.71257E-05 0.0013  2.77307E-05 0.0012
  2.80241E-05 0.0012  2.78546E-05 0.0012  2.78334E-05 0.0012  2.81145E-05 0.0012
  2.85422E-05 0.0012  2.87983E-05 0.0012  2.91353E-05 0.0012  2.93327E-05 0.0012
  1.96341E-05 0.0014  9.80065E-06 0.0020  4.88758E-06 0.0028  4.90699E-06 0.0028
  1.96798E-05 0.0014  2.95649E-05 0.0012  2.96991E-05 0.0012  2.98023E-05 0.0012
  2.99766E-05 0.0012  3.01211E-05 0.0012  3.03100E-05 0.0012  6.14265E-05 0.0009
  6.28534E-05 0.0008  6.45667E-05 0.0008  3.31263E-05 0.0011  3.37908E-05 0.0011
  3.47232E-05 0.0011  3.56453E-05 0.0011  3.67595E-05 0.0011  3.80842E-05 0.0011
  3.93517E-05 0.0010  2.70418E-05 0.0013  1.37525E-05 0.0017  4.23972E-05 0.0010
  4.39986E-05 0.0010  4.57590E-05 0.0010  4.76895E-05 0.0009  4.96197E-05 0.0009
  5.19073E-05 0.0009  5.40710E-05 0.0009  5.65727E-05 0.0009  5.91859E-05 0.0008
  6.18938E-05 0.0008  6.47237E-05 0.0008  6.72811E-05 0.0008  3.47091E-05 0.0011
  3.54315E-05 0.0011  7.30788E-05 0.0008  3.77125E-05 0.0011  3.84549E-05 0.0010
  3.94634E-05 0.0010  4.02529E-05 0.0010  8.33252E-05 0.0007  8.71538E-05 0.0007
  4.51845E-05 0.0010  4.62324E-05 0.0009  2.46564E-04 0.0004  3.04277E-03 0.0001
tfc   14       1       1       1       1       1       1     176       1
    4096000  3.04279E-03  2.28000E-04  3.20662E+07
    8192000  3.04310E-03  1.61339E-04  3.20407E+07
   12288000  3.04305E-03  1.31700E-04  3.20459E+07
   16384000  3.04293E-03  1.14031E-04  3.20691E+07
   20480000  3.04292E-03  1.01995E-04  3.20727E+07
   24576000  3.04283E-03  0.00000E+00  1.00000E+30
   28672000  3.04275E-03  0.00000E+00  1.00000E+30
   32768000  3.04282E-03  0.00000E+00  1.00000E+30
   36864000  3.04288E-03  0.00000E+00  1.00000E+30
   40960000  3.04279E-03  0.00000E+00  1.00000E+30
   45056000  3.04280E-03  0.00000E+00  1.00000E+30
   49152000  3.04280E-03  0.00000E+00  1.00000E+30
   53248000  3.04274E-03  0.00000E+00  1.00000E+30
   54959019  3.04277E-03  0.00000E+00  1.00000E+30
tally   14    1    0
     Tally of the total xs reaction                                             
f        1
      1
d        1
u        0
s        0
m        1
c        0
et     176
  1.00001E-07  4.13994E-07  5.31579E-07  6.82560E-07  8.76425E-07  1.12300E-06
  1.44000E-06  1.85539E-06  2.38237E-06  3.05902E-06  3.92786E-06  5.04348E-06
  6.47595E-06  8.31529E-06  1.06770E-05  1.37096E-05  1.76035E-05  2.26033E-05
  2.90232E-05  3.72665E-05  4.78512E-05  6.14421E-05  7.88932E-05  1.01301E-04
  1.30073E-04  1.67017E-04  2.14454E-04  2.75364E-04  3.53575E-04  4.53999E-04
  5.82947E-04  7.48518E-04  9.61117E-04  1.23410E-03  1.58461E-03  2.03468E-03
  2.24867E-03  2.48517E-03  2.61259E-03  2.74654E-03  3.03539E-03  3.35463E-03
  3.70744E-03  4.30742E-03  5.53084E-03  7.10174E-03  9.11882E-03  1.05946E-02
  1.17088E-02  1.50344E-02  1.93045E-02  2.18749E-02  2.35786E-02  2.41755E-02
  2.47875E-02  2.60584E-02  2.70001E-02  2.85011E-02  3.18278E-02  3.43067E-02
  4.08677E-02  4.63092E-02  5.24752E-02  5.65622E-02  6.73795E-02  7.20245E-02
  7.94987E-02  8.25034E-02  8.65170E-02  9.80365E-02  1.11090E-01  1.16786E-01
  1.22773E-01  1.29068E-01  1.35686E-01  1.42642E-01  1.49956E-01  1.57644E-01
  1.65727E-01  1.74224E-01  1.83156E-01  1.92547E-01  2.02419E-01  2.12797E-01
  2.23708E-01  2.35177E-01  2.47235E-01  2.73237E-01  2.87246E-01  2.94518E-01
  2.97211E-01  2.98491E-01  3.01974E-01  3.33733E-01  3.68832E-01  3.87742E-01
  4.07622E-01  4.50492E-01  4.97871E-01  5.23397E-01  5.50232E-01  5.78443E-01
  6.08101E-01  6.39279E-01  6.72055E-01  7.06512E-01  7.42736E-01  7.80817E-01
  8.20850E-01  8.62936E-01  9.07180E-01  9.61672E-01  1.00259E+00  1.10803E+00
  1.16484E+00  1.22456E+00  1.28735E+00  1.35335E+00  1.42274E+00  1.49569E+00
  1.57237E+00  1.65299E+00  1.73774E+00  1.82684E+00  1.92050E+00  2.01897E+00
  2.12248E+00  2.23130E+00  2.30693E+00  2.34570E+00  2.36533E+00  2.38513E+00
  2.46597E+00  2.59240E+00  2.72532E+00  2.86505E+00  3.01194E+00  3.16637E+00
  3.32871E+00  3.67879E+00  4.06570E+00  4.49329E+00  4.72367E+00  4.96585E+00
  5.22046E+00  5.48812E+00  5.76950E+00  6.06531E+00  6.37628E+00  6.59241E+00
  6.70320E+00  7.04688E+00  7.40818E+00  7.78801E+00  8.18731E+00  8.60708E+00
  9.04837E+00  9.51229E+00  1.00000E+01  1.05127E+01  1.10517E+01  1.16183E+01
  1.22140E+01  1.25232E+01  1.28403E+01  1.34986E+01  1.38403E+01  1.41907E+01
  1.45499E+01  1.49182E+01  1.56831E+01  1.64872E+01  1.69046E+01  1.73325E+01
  1.96403E+01
t        0
vals
  0.00000E+00 0.0000  1.47366E-34 1.0000  0.00000E+00 0.0000  0.00000E+00 0.0000
  0.00000E+00 0.0000  0.00000E+00 0.0000  1.42960E-34 1.0000  9.83193E-34 0.5589
  1.71102E-34 1.0000  1.70969E-34 1.0000  7.57451E-34 0.6024  1.45701E-33 0.4174
  1.36825E-33 0.4378  1.95708E-33 0.3407  2.02422E-33 0.4418  1.68232E-33 0.3592
  2.28958E-33 0.2896  2.00748E-33 0.3132  5.23210E-33 0.2396  5.71666E-33 0.1964
  7.52485E-33 0.1647  7.50433E-33 0.1709  1.14485E-32 0.1423  1.08088E-32 0.1352
  1.91064E-32 0.1117  2.27185E-32 0.1014  3.13208E-32 0.0833  3.56342E-32 0.0789
  4.40743E-32 0.0691  6.06771E-32 0.0597  8.58987E-32 0.0517  1.06685E-31 0.0459
  1.27552E-31 0.0416  1.69143E-31 0.0356  2.26482E-31 0.0308  2.90910E-31 0.0270
  1.34639E-31 0.0360  1.40469E-31 0.0347  7.65275E-32 0.0439  8.61032E-32 0.0415
  1.77994E-31 0.0308  1.95824E-31 0.0293  2.12719E-31 0.0283  3.49382E-31 0.0226
  7.58229E-31 0.0160  9.32723E-31 0.0142  1.19091E-30 0.0122  8.64942E-31 0.0136
  6.51993E-31 0.0149  1.88638E-30 0.0093  2.45517E-30 0.0080  1.44025E-30 0.0096
  9.48938E-31 0.0112  3.39207E-31 0.0177  3.52001E-31 0.0172  7.13950E-31 0.0123
  5.39517E-31 0.0139  8.20016E-31 0.0114  1.83078E-30 0.0080  1.36087E-30 0.0088
  3.42255E-30 0.0057  2.49612E-30 0.0061  2.00544E-30 0.0057  3.13970E-30 0.0092
  1.62504E-29 0.0044  4.64047E-30 0.0054  7.91027E-30 0.0047  2.91094E-30 0.0064
  4.30928E-30 0.0060  1.18824E-29 0.0038  1.19858E-29 0.0034  4.99750E-30 0.0045
  5.65910E-30 0.0047  5.43021E-30 0.0042  6.09678E-30 0.0044  5.88480E-30 0.0040
  5.79763E-30 0.0039  5.90360E-30 0.0038  5.72763E-30 0.0037  5.46880E-30 0.0036
  4.08044E-30 0.0034  1.50750E-29 0.0037  1.11220E-29 0.0034  9.47280E-30 0.0031
  9.28207E-30 0.0030  1.14412E-29 0.0034  9.15486E-30 0.0032  1.50102E-29 0.0025
  3.29587E-30 0.0028  8.50356E-31 0.0093  4.81211E-31 0.0052  5.16724E-31 0.0071
  5.01190E-30 0.0050  6.32369E-29 0.0017  6.66190E-29 0.0016  3.45047E-29 0.0021
  3.53705E-29 0.0020  7.40555E-29 0.0015  7.82735E-29 0.0014  4.11311E-29 0.0018
  4.25316E-29 0.0018  4.37286E-29 0.0018  4.51884E-29 0.0017  4.68045E-29 0.0017
  4.81963E-29 0.0017  4.97155E-29 0.0016  5.12790E-29 0.0016  5.28709E-29 0.0016
  5.47976E-29 0.0015  5.66872E-29 0.0015  5.93015E-29 0.0015  7.28065E-29 0.0014
  5.47408E-29 0.0016  1.41908E-28 0.0010  7.69297E-29 0.0014  8.13290E-29 0.0013
  8.55545E-29 0.0013  8.99847E-29 0.0013  9.41621E-29 0.0013  9.76850E-29 0.0012
  1.00128E-28 0.0012  1.00798E-28 0.0012  1.02068E-28 0.0012  1.04632E-28 0.0012
  1.07693E-28 0.0012  1.10126E-28 0.0012  1.12238E-28 0.0012  1.13501E-28 0.0012
  7.62542E-29 0.0014  3.81474E-29 0.0020  1.90454E-29 0.0028  1.91353E-29 0.0028
  7.68841E-29 0.0014  1.15805E-28 0.0012  1.16383E-28 0.0012  1.16712E-28 0.0012
  1.17202E-28 0.0012  1.17331E-28 0.0012  1.17442E-28 0.0012  2.35719E-28 0.0009
  2.37663E-28 0.0008  2.39864E-28 0.0008  1.21178E-28 0.0011  1.22305E-28 0.0011
  1.24321E-28 0.0011  1.26180E-28 0.0011  1.28596E-28 0.0011  1.31592E-28 0.0011
  1.34189E-28 0.0010  9.11612E-29 0.0013  4.60182E-29 0.0017  1.40448E-28 0.0010
  1.43500E-28 0.0010  1.46824E-28 0.0010  1.50393E-28 0.0009  1.53723E-28 0.0009
  1.57866E-28 0.0009  1.61323E-28 0.0009  1.65558E-28 0.0009  1.69779E-28 0.0008
  1.73936E-28 0.0008  1.76952E-28 0.0008  1.80894E-28 0.0008  9.18570E-29 0.0011
  9.27395E-29 0.0011  1.88230E-28 0.0008  9.55076E-29 0.0011  9.64070E-29 0.0010
  9.77919E-29 0.0010  9.87043E-29 0.0010  2.01313E-28 0.0007  2.06656E-28 0.0007
  1.05789E-28 0.0010  1.07377E-28 0.0009  5.60457E-28 0.0004  9.36019E-27 0.0001
tfc   14       1       1       1       1       1       1     176       1
    4096000  9.35980E-27  2.65132E-04  2.37134E+07
    8192000  9.36142E-27  1.87562E-04  2.37076E+07
   12288000  9.36111E-27  1.53126E-04  2.37053E+07
   16384000  9.36080E-27  1.32601E-04  2.37159E+07
   20480000  9.36053E-27  1.18592E-04  2.37239E+07
   24576000  9.36033E-27  1.08261E-04  2.36662E+07
   28672000  9.35999E-27  1.00220E-04  2.36817E+07
   32768000  9.36021E-27  0.00000E+00  1.00000E+30
   36864000  9.36040E-27  0.00000E+00  1.00000E+30
   40960000  9.36018E-27  0.00000E+00  1.00000E+30
   45056000  9.36017E-27  0.00000E+00  1.00000E+30
   49152000  9.36026E-27  0.00000E+00  1.00000E+30
   53248000  9.36010E-27  0.00000E+00  1.00000E+30
   54959019  9.36019E-27  0.00000E+00  1.00000E+30
