mcnp       5     05/08/13 21:43:11     2    55205708      607034965
 Run-script for NE506 project - Matthew Klebenow                                
ntal     2
    4   14
tally    4    1    0
     Tally of the flux reported in VITAMIN-J 175Gp structure                    
f        1
      1
d        1
u        0
s        0
m        0
c        0
et     176
  1.00001E-07  4.13994E-07  5.31579E-07  6.82560E-07  8.76425E-07  1.12300E-06
  1.44000E-06  1.85539E-06  2.38237E-06  3.05902E-06  3.92786E-06  5.04348E-06
  6.47595E-06  8.31529E-06  1.06770E-05  1.37096E-05  1.76035E-05  2.26033E-05
  2.90232E-05  3.72665E-05  4.78512E-05  6.14421E-05  7.88932E-05  1.01301E-04
  1.30073E-04  1.67017E-04  2.14454E-04  2.75364E-04  3.53575E-04  4.53999E-04
  5.82947E-04  7.48518E-04  9.61117E-04  1.23410E-03  1.58461E-03  2.03468E-03
  2.24867E-03  2.48517E-03  2.61259E-03  2.74654E-03  3.03539E-03  3.35463E-03
  3.70744E-03  4.30742E-03  5.53084E-03  7.10174E-03  9.11882E-03  1.05946E-02
  1.17088E-02  1.50344E-02  1.93045E-02  2.18749E-02  2.35786E-02  2.41755E-02
  2.47875E-02  2.60584E-02  2.70001E-02  2.85011E-02  3.18278E-02  3.43067E-02
  4.08677E-02  4.63092E-02  5.24752E-02  5.65622E-02  6.73795E-02  7.20245E-02
  7.94987E-02  8.25034E-02  8.65170E-02  9.80365E-02  1.11090E-01  1.16786E-01
  1.22773E-01  1.29068E-01  1.35686E-01  1.42642E-01  1.49956E-01  1.57644E-01
  1.65727E-01  1.74224E-01  1.83156E-01  1.92547E-01  2.02419E-01  2.12797E-01
  2.23708E-01  2.35177E-01  2.47235E-01  2.73237E-01  2.87246E-01  2.94518E-01
  2.97211E-01  2.98491E-01  3.01974E-01  3.33733E-01  3.68832E-01  3.87742E-01
  4.07622E-01  4.50492E-01  4.97871E-01  5.23397E-01  5.50232E-01  5.78443E-01
  6.08101E-01  6.39279E-01  6.72055E-01  7.06512E-01  7.42736E-01  7.80817E-01
  8.20850E-01  8.62936E-01  9.07180E-01  9.61672E-01  1.00259E+00  1.10803E+00
  1.16484E+00  1.22456E+00  1.28735E+00  1.35335E+00  1.42274E+00  1.49569E+00
  1.57237E+00  1.65299E+00  1.73774E+00  1.82684E+00  1.92050E+00  2.01897E+00
  2.12248E+00  2.23130E+00  2.30693E+00  2.34570E+00  2.36533E+00  2.38513E+00
  2.46597E+00  2.59240E+00  2.72532E+00  2.86505E+00  3.01194E+00  3.16637E+00
  3.32871E+00  3.67879E+00  4.06570E+00  4.49329E+00  4.72367E+00  4.96585E+00
  5.22046E+00  5.48812E+00  5.76950E+00  6.06531E+00  6.37628E+00  6.59241E+00
  6.70320E+00  7.04688E+00  7.40818E+00  7.78801E+00  8.18731E+00  8.60708E+00
  9.04837E+00  9.51229E+00  1.00000E+01  1.05127E+01  1.10517E+01  1.16183E+01
  1.22140E+01  1.25232E+01  1.28403E+01  1.34986E+01  1.38403E+01  1.41907E+01
  1.45499E+01  1.49182E+01  1.56831E+01  1.64872E+01  1.69046E+01  1.73325E+01
  1.96403E+01
t        0
vals
  0.00000E+00 0.0000  5.67421E-11 1.0000  0.00000E+00 0.0000  0.00000E+00 0.0000
  0.00000E+00 0.0000  0.00000E+00 0.0000  3.36780E-11 1.0000  1.95168E-10 0.5387
  4.52852E-11 1.0000  4.52852E-11 1.0000  2.50766E-10 0.5818  2.83729E-10 0.4329
  3.68298E-10 0.4798  4.32097E-10 0.3374  4.81433E-10 0.4066  6.04820E-10 0.3856
  6.64711E-10 0.3106  6.52158E-10 0.2910  1.41947E-09 0.2304  1.50595E-09 0.1962
  1.83692E-09 0.1679  1.84121E-09 0.1698  3.02556E-09 0.1390  3.50239E-09 0.1343
  5.73165E-09 0.1038  6.06851E-09 0.0950  8.22283E-09 0.0844  1.02030E-08 0.0798
  1.30045E-08 0.0680  1.75589E-08 0.0596  2.43687E-08 0.0508  3.13177E-08 0.0457
  3.92788E-08 0.0398  5.85506E-08 0.0329  9.20938E-08 0.0263  2.21361E-07 0.0165
  1.93888E-07 0.0140  3.06353E-07 0.0110  2.01194E-07 0.0114  2.29458E-07 0.0103
  5.08127E-07 0.0077  4.67392E-07 0.0071  2.92780E-07 0.0069  1.16185E-07 0.0067
  3.05805E-07 0.0060  2.24523E-07 0.0061  7.65141E-07 0.0060  4.02371E-07 0.0062
  1.56095E-07 0.0067  4.66626E-07 0.0061  7.32346E-07 0.0065  8.04934E-07 0.0069
  2.41506E-07 0.0086  1.20173E-07 0.0128  1.30612E-07 0.0128  2.82030E-07 0.0099
  2.21714E-07 0.0113  3.83072E-07 0.0093  7.34760E-07 0.0077  5.80376E-07 0.0084
  1.70839E-06 0.0056  1.27140E-06 0.0061  1.97829E-06 0.0051  7.97199E-07 0.0070
  5.32035E-06 0.0033  8.46997E-07 0.0052  2.36667E-06 0.0042  1.14692E-06 0.0058
  8.70618E-07 0.0061  3.66562E-06 0.0036  7.05416E-06 0.0027  2.49030E-06 0.0037
  1.80908E-06 0.0040  1.77543E-06 0.0042  3.07638E-06 0.0036  1.93555E-06 0.0041
  3.67428E-06 0.0034  4.31935E-06 0.0031  3.45994E-06 0.0032  4.03462E-06 0.0030
  3.95125E-06 0.0030  3.27260E-06 0.0032  4.23270E-06 0.0030  3.23157E-06 0.0033
  5.24929E-06 0.0028  5.85892E-06 0.0027  4.40944E-06 0.0028  1.16317E-05 0.0020
  6.53282E-06 0.0025  3.17988E-06 0.0033  1.17840E-06 0.0053  5.63226E-07 0.0077
  1.45756E-06 0.0048  1.24696E-05 0.0019  1.30289E-05 0.0019  7.70810E-06 0.0023
  7.37855E-06 0.0024  1.70373E-05 0.0017  1.69536E-05 0.0016  9.13386E-06 0.0022
  1.04563E-05 0.0020  1.15914E-05 0.0019  1.11873E-05 0.0019  1.23965E-05 0.0018
  1.26309E-05 0.0018  1.27806E-05 0.0018  1.30497E-05 0.0018  1.49395E-05 0.0017
  1.57403E-05 0.0016  1.76373E-05 0.0016  1.64255E-05 0.0016  2.04636E-05 0.0014
  1.49950E-05 0.0017  4.06664E-05 0.0011  2.05923E-05 0.0014  2.16367E-05 0.0014
  2.26456E-05 0.0014  2.29399E-05 0.0014  2.44243E-05 0.0013  2.45676E-05 0.0013
  2.61191E-05 0.0013  2.55885E-05 0.0013  2.62849E-05 0.0013  2.64818E-05 0.0013
  2.67353E-05 0.0012  2.72201E-05 0.0012  2.77319E-05 0.0012  2.78039E-05 0.0012
  1.87637E-05 0.0015  9.52595E-06 0.0020  4.87021E-06 0.0028  4.72269E-06 0.0028
  1.93694E-05 0.0015  2.90765E-05 0.0012  2.92562E-05 0.0012  2.96780E-05 0.0012
  3.00481E-05 0.0012  3.03861E-05 0.0012  3.05918E-05 0.0012  6.17177E-05 0.0008
  6.36918E-05 0.0008  6.60547E-05 0.0008  3.40937E-05 0.0011  3.47976E-05 0.0011
  3.56419E-05 0.0011  3.64503E-05 0.0011  3.74255E-05 0.0011  3.85936E-05 0.0011
  3.96622E-05 0.0010  2.71925E-05 0.0012  1.37917E-05 0.0017  4.24605E-05 0.0010
  4.39030E-05 0.0010  4.54917E-05 0.0010  4.73876E-05 0.0009  4.92859E-05 0.0009
  5.15456E-05 0.0009  5.37044E-05 0.0009  5.61708E-05 0.0009  5.88240E-05 0.0008
  6.16297E-05 0.0008  6.44960E-05 0.0008  6.74231E-05 0.0008  3.49041E-05 0.0011
  3.57684E-05 0.0011  7.42015E-05 0.0008  3.84243E-05 0.0010  3.92612E-05 0.0010
  4.03430E-05 0.0010  4.12202E-05 0.0010  8.55012E-05 0.0007  8.96691E-05 0.0007
  4.65924E-05 0.0009  4.77612E-05 0.0009  2.55612E-04 0.0004  2.97419E-03 0.0001
tfc   14       1       1       1       1       1       1     176       1
    4096000  2.97437E-03  2.20864E-04  3.44978E+07
    8192000  2.97417E-03  1.56134E-04  3.45195E+07
   12288000  2.97427E-03  1.27516E-04  3.44911E+07
   16384000  2.97419E-03  1.10441E-04  3.44816E+07
   20480000  2.97420E-03  0.00000E+00  1.00000E+30
   24576000  2.97415E-03  0.00000E+00  1.00000E+30
   28672000  2.97408E-03  0.00000E+00  1.00000E+30
   32768000  2.97412E-03  0.00000E+00  1.00000E+30
   36864000  2.97421E-03  0.00000E+00  1.00000E+30
   40960000  2.97418E-03  0.00000E+00  1.00000E+30
   45056000  2.97421E-03  0.00000E+00  1.00000E+30
   49152000  2.97421E-03  0.00000E+00  1.00000E+30
   53248000  2.97415E-03  0.00000E+00  1.00000E+30
   55205708  2.97419E-03  0.00000E+00  1.00000E+30
tally   14    1    0
     Tally of the total xs reaction                                             
f        1
      1
d        1
u        0
s        0
m        1
c        0
et     176
  1.00001E-07  4.13994E-07  5.31579E-07  6.82560E-07  8.76425E-07  1.12300E-06
  1.44000E-06  1.85539E-06  2.38237E-06  3.05902E-06  3.92786E-06  5.04348E-06
  6.47595E-06  8.31529E-06  1.06770E-05  1.37096E-05  1.76035E-05  2.26033E-05
  2.90232E-05  3.72665E-05  4.78512E-05  6.14421E-05  7.88932E-05  1.01301E-04
  1.30073E-04  1.67017E-04  2.14454E-04  2.75364E-04  3.53575E-04  4.53999E-04
  5.82947E-04  7.48518E-04  9.61117E-04  1.23410E-03  1.58461E-03  2.03468E-03
  2.24867E-03  2.48517E-03  2.61259E-03  2.74654E-03  3.03539E-03  3.35463E-03
  3.70744E-03  4.30742E-03  5.53084E-03  7.10174E-03  9.11882E-03  1.05946E-02
  1.17088E-02  1.50344E-02  1.93045E-02  2.18749E-02  2.35786E-02  2.41755E-02
  2.47875E-02  2.60584E-02  2.70001E-02  2.85011E-02  3.18278E-02  3.43067E-02
  4.08677E-02  4.63092E-02  5.24752E-02  5.65622E-02  6.73795E-02  7.20245E-02
  7.94987E-02  8.25034E-02  8.65170E-02  9.80365E-02  1.11090E-01  1.16786E-01
  1.22773E-01  1.29068E-01  1.35686E-01  1.42642E-01  1.49956E-01  1.57644E-01
  1.65727E-01  1.74224E-01  1.83156E-01  1.92547E-01  2.02419E-01  2.12797E-01
  2.23708E-01  2.35177E-01  2.47235E-01  2.73237E-01  2.87246E-01  2.94518E-01
  2.97211E-01  2.98491E-01  3.01974E-01  3.33733E-01  3.68832E-01  3.87742E-01
  4.07622E-01  4.50492E-01  4.97871E-01  5.23397E-01  5.50232E-01  5.78443E-01
  6.08101E-01  6.39279E-01  6.72055E-01  7.06512E-01  7.42736E-01  7.80817E-01
  8.20850E-01  8.62936E-01  9.07180E-01  9.61672E-01  1.00259E+00  1.10803E+00
  1.16484E+00  1.22456E+00  1.28735E+00  1.35335E+00  1.42274E+00  1.49569E+00
  1.57237E+00  1.65299E+00  1.73774E+00  1.82684E+00  1.92050E+00  2.01897E+00
  2.12248E+00  2.23130E+00  2.30693E+00  2.34570E+00  2.36533E+00  2.38513E+00
  2.46597E+00  2.59240E+00  2.72532E+00  2.86505E+00  3.01194E+00  3.16637E+00
  3.32871E+00  3.67879E+00  4.06570E+00  4.49329E+00  4.72367E+00  4.96585E+00
  5.22046E+00  5.48812E+00  5.76950E+00  6.06531E+00  6.37628E+00  6.59241E+00
  6.70320E+00  7.04688E+00  7.40818E+00  7.78801E+00  8.18731E+00  8.60708E+00
  9.04837E+00  9.51229E+00  1.00000E+01  1.05127E+01  1.10517E+01  1.16183E+01
  1.22140E+01  1.25232E+01  1.28403E+01  1.34986E+01  1.38403E+01  1.41907E+01
  1.45499E+01  1.49182E+01  1.56831E+01  1.64872E+01  1.69046E+01  1.73325E+01
  1.96403E+01
t        0
vals
  0.00000E+00 0.0000  3.98244E-34 1.0000  0.00000E+00 0.0000  0.00000E+00 0.0000
  0.00000E+00 0.0000  0.00000E+00 0.0000  1.96763E-34 1.0000  1.12706E-33 0.5386
  2.58245E-34 1.0000  2.54807E-34 1.0000  1.40082E-33 0.5816  1.57227E-33 0.4328
  2.02477E-33 0.4799  2.35845E-33 0.3374  2.61308E-33 0.4068  3.26639E-33 0.3857
  3.57660E-33 0.3106  3.49655E-33 0.2911  7.59483E-33 0.2303  8.04679E-33 0.1963
  9.80919E-33 0.1679  9.83975E-33 0.1698  1.61981E-32 0.1390  1.88200E-32 0.1343
  3.09594E-32 0.1038  3.62264E-32 0.0949  4.90379E-32 0.0843  5.63014E-32 0.0798
  7.28471E-32 0.0680  1.00288E-31 0.0596  1.42621E-31 0.0508  1.89182E-31 0.0457
  2.50177E-31 0.0398  4.02671E-31 0.0328  7.71940E-31 0.0264  1.98855E-30 0.0165
  2.00205E-30 0.0140  3.57176E-30 0.0109  2.62327E-30 0.0114  3.28703E-30 0.0103
  8.87153E-30 0.0077  1.17928E-29 0.0071  1.41201E-29 0.0068  2.29667E-29 0.0064
  3.76101E-29 0.0060  3.77435E-29 0.0061  3.61887E-29 0.0059  2.40618E-29 0.0061
  1.59830E-29 0.0067  3.56821E-29 0.0061  2.88966E-29 0.0064  1.19649E-29 0.0069
  7.77596E-30 0.0084  2.28540E-30 0.0128  2.14609E-30 0.0128  3.89217E-30 0.0099
  2.55741E-30 0.0113  3.57833E-30 0.0093  7.20066E-30 0.0078  3.79636E-30 0.0085
  9.20304E-30 0.0062  5.18366E-30 0.0066  7.01758E-30 0.0065  5.40378E-30 0.0075
  3.42616E-29 0.0039  1.77154E-29 0.0052  1.63118E-29 0.0043  5.76882E-30 0.0063
  8.45547E-30 0.0061  1.23413E-29 0.0038  1.93173E-29 0.0030  2.19053E-29 0.0037
  2.27840E-29 0.0040  1.86087E-29 0.0042  1.32172E-29 0.0041  1.85992E-29 0.0041
  1.19065E-29 0.0037  1.94473E-29 0.0033  2.82071E-29 0.0033  2.64735E-29 0.0031
  3.01703E-29 0.0030  3.05542E-29 0.0032  2.47427E-29 0.0031  2.57751E-29 0.0033
  1.78027E-29 0.0029  2.50138E-29 0.0027  3.24912E-29 0.0028  5.13247E-29 0.0020
  3.34143E-29 0.0025  1.79381E-29 0.0033  6.46859E-30 0.0053  3.05242E-30 0.0077
  8.51750E-30 0.0048  6.92988E-29 0.0019  6.01191E-29 0.0019  2.36475E-29 0.0024
  3.06617E-29 0.0024  5.98579E-29 0.0017  6.38211E-29 0.0017  2.86156E-29 0.0023
  2.55117E-29 0.0021  2.92323E-29 0.0021  3.82584E-29 0.0020  3.69360E-29 0.0019
  4.22784E-29 0.0019  4.40076E-29 0.0018  4.15429E-29 0.0018  3.70959E-29 0.0017
  4.39332E-29 0.0017  4.53628E-29 0.0016  6.21791E-29 0.0016  6.66550E-29 0.0015
  4.82223E-29 0.0017  1.21061E-28 0.0011  7.14553E-29 0.0014  7.00922E-29 0.0014
  7.11762E-29 0.0014  7.77318E-29 0.0014  7.43707E-29 0.0013  8.41038E-29 0.0013
  8.17255E-29 0.0013  9.44060E-29 0.0013  9.15755E-29 0.0013  9.56127E-29 0.0013
  9.72895E-29 0.0013  9.73263E-29 0.0012  9.97827E-29 0.0012  1.03586E-28 0.0012
  7.05196E-29 0.0015  3.42486E-29 0.0020  1.68450E-29 0.0028  1.81165E-29 0.0028
  7.25607E-29 0.0015  1.13137E-28 0.0012  1.13696E-28 0.0012  1.14967E-28 0.0012
  1.14710E-28 0.0012  1.16542E-28 0.0012  1.19522E-28 0.0012  2.37530E-28 0.0008
  2.43083E-28 0.0008  2.50767E-28 0.0008  1.27950E-28 0.0011  1.29365E-28 0.0011
  1.31874E-28 0.0011  1.32348E-28 0.0011  1.33406E-28 0.0011  1.37020E-28 0.0011
  1.38644E-28 0.0010  9.40178E-29 0.0012  4.72309E-29 0.0017  1.43314E-28 0.0010
  1.45525E-28 0.0010  1.48056E-28 0.0010  1.50560E-28 0.0009  1.53095E-28 0.0009
  1.55570E-28 0.0009  1.57103E-28 0.0009  1.59083E-28 0.0009  1.61770E-28 0.0008
  1.64737E-28 0.0008  1.67359E-28 0.0008  1.70473E-28 0.0008  8.66029E-29 0.0011
  8.78584E-29 0.0011  1.79037E-28 0.0008  9.12405E-29 0.0010  9.24498E-29 0.0010
  9.40114E-29 0.0010  9.51766E-29 0.0010  1.94706E-28 0.0007  1.99359E-28 0.0007
  1.02386E-28 0.0009  1.03961E-28 0.0009  5.44883E-28 0.0004  9.64913E-27 0.0002
tfc   14       1       1       1       1       1       1     176       1
    4096000  9.64543E-27  6.24896E-04  4.30947E+06
    8192000  9.64660E-27  4.43209E-04  4.28392E+06
   12288000  9.64996E-27  3.63331E-04  4.24848E+06
   16384000  9.64977E-27  3.14443E-04  4.25366E+06
   20480000  9.64896E-27  2.81427E-04  4.23543E+06
   24576000  9.64773E-27  2.56437E-04  4.25268E+06
   28672000  9.64843E-27  2.37654E-04  4.24451E+06
   32768000  9.64762E-27  2.22109E-04  4.25244E+06
   36864000  9.64911E-27  2.09713E-04  4.24071E+06
   40960000  9.64912E-27  1.98941E-04  4.23669E+06
   45056000  9.64867E-27  1.89558E-04  4.24337E+06
   49152000  9.64854E-27  1.81464E-04  4.24420E+06
   53248000  9.64831E-27  1.74354E-04  4.24458E+06
   55205708  9.64913E-27  1.71398E-04  4.23656E+06
