origin  0.0000E+00 -5.6911E+01  4.9458E+00 extent  1.0000E+02  1.0000E+02
origin  0.0000E+00 -3.9024E-01  0.0000E+00 extent  1.0000E+02  1.0000E+02
origin  0.0000E+00  4.5529E-01  2.6031E-01 extent  3.3333E+01  3.3333E+01
origin  0.0000E+00 -6.6211E+01  2.6031E-01 extent  3.3333E+01  3.3333E+01
origin  0.0000E+00  4.5529E-01  2.6031E-01 extent  3.3333E+01  3.3333E+01
origin  0.0000E+00  4.5529E-01 -6.6406E+01 extent  3.3333E+01  3.3333E+01
origin  0.0000E+00  4.5529E-01  2.6031E-01 extent  3.3333E+01  3.3333E+01
origin  0.0000E+00  4.5529E-01 -6.6406E+01 extent  3.3333E+01  3.3333E+01
origin  0.0000E+00  4.5529E-01  2.6031E-01 extent  3.3333E+01  3.3333E+01
basis  1.0000E+00  0.0000E+00  0.0000E+00  0.0000E+00  1.0000E+00  0.0000E+00
scale        1
basis  0.0000E+00  1.0000E+00  0.0000E+00  0.0000E+00  0.0000E+00  1.0000E+00
basis  0.0000E+00  0.0000E+00  1.0000E+00  1.0000E+00  0.0000E+00  0.0000E+00
basis  1.0000E+00  0.0000E+00  0.0000E+00  0.0000E+00  1.0000E+00  0.0000E+00
basis  0.0000E+00  1.0000E+00  0.0000E+00  0.0000E+00  0.0000E+00  1.0000E+00
basis  1.0000E+00  0.0000E+00  0.0000E+00  0.0000E+00  1.0000E+00  0.0000E+00
scale        2
scale        0
scale        1
scale        2
basis  0.0000E+00  1.0000E+00  0.0000E+00  0.0000E+00  0.0000E+00  1.0000E+00
basis  1.0000E+00  0.0000E+00  0.0000E+00  0.0000E+00  1.0000E+00  0.0000E+00
origin -9.7778E+00  1.9499E-01  2.6031E-01 extent  3.3333E+01  3.3333E+01
basis  1.0000E+00  0.0000E+00  0.0000E+00  0.0000E+00  1.0000E+00  0.0000E+00
basis  0.0000E+00  1.0000E+00  0.0000E+00  0.0000E+00  0.0000E+00  1.0000E+00
basis  0.0000E+00  0.0000E+00  1.0000E+00  1.0000E+00  0.0000E+00  0.0000E+00
basis  1.0000E+00  0.0000E+00  0.0000E+00  0.0000E+00  1.0000E+00  0.0000E+00
origin  2.8184E+00  1.0822E-01  2.6031E-01 extent  3.3333E+01  3.3333E+01
basis  1.0000E+00  0.0000E+00  0.0000E+00  0.0000E+00  1.0000E+00  0.0000E+00
basis  0.0000E+00  1.0000E+00  0.0000E+00  0.0000E+00  0.0000E+00  1.0000E+00
basis  0.0000E+00  0.0000E+00  1.0000E+00  1.0000E+00  0.0000E+00  0.0000E+00
basis  0.0000E+00  1.0000E+00  0.0000E+00  0.0000E+00  0.0000E+00  1.0000E+00
basis  1.0000E+00  0.0000E+00  0.0000E+00  0.0000E+00  1.0000E+00  0.0000E+00
label 1.00 1.00cel       
origin -2.1679E-02  2.1450E-02  2.6031E-01 extent  1.1111E+01  1.1111E+01
origin -1.0117E-01  1.6606E-01  2.6031E-01 extent  4.4444E+01  4.4444E+01
