origin  0.0000E+00 -1.9513E-01  2.3427E+00 extent  6.0000E+02  6.0000E+02
basis  1.0000E+00  0.0000E+00  0.0000E+00  0.0000E+00  1.0000E+00  0.0000E+00
basis  0.0000E+00  1.0000E+00  0.0000E+00  0.0000E+00  0.0000E+00  1.0000E+00
label 0.00 0.00cel       
basis  1.0000E+00  0.0000E+00  0.0000E+00  0.0000E+00  1.0000E+00  0.0000E+00
scale        1
origin  8.1951E+00 -1.7570E+00  2.3427E+00 extent  1.2000E+02  1.2000E+02
origin  4.6825E-01  1.0543E+00  2.3427E+00 extent  6.0000E+01  6.0000E+01
origin -2.7322E-01 -3.5132E-01  2.3427E+00 extent  6.0000E+01  6.0000E+01
basis  0.0000E+00  0.0000E+00  1.0000E+00  1.0000E+00  0.0000E+00  0.0000E+00
basis  1.0000E+00  0.0000E+00  0.0000E+00  0.0000E+00  1.0000E+00  0.0000E+00
basis  0.0000E+00  1.0000E+00  0.0000E+00  0.0000E+00  0.0000E+00  1.0000E+00
