mcnp       5     05/08/13 23:53:55     2     2603356      490269244
 Run-script for NE506 project - Matthew Klebenow                                
ntal     2
    4   14
tally    4    1    0
     Tally of the flux reported in VITAMIN-J 175Gp structure                    
f        1
      1
d        1
u        0
s        0
m        0
c        0
et     176
  1.00001E-07  4.13994E-07  5.31579E-07  6.82560E-07  8.76425E-07  1.12300E-06
  1.44000E-06  1.85539E-06  2.38237E-06  3.05902E-06  3.92786E-06  5.04348E-06
  6.47595E-06  8.31529E-06  1.06770E-05  1.37096E-05  1.76035E-05  2.26033E-05
  2.90232E-05  3.72665E-05  4.78512E-05  6.14421E-05  7.88932E-05  1.01301E-04
  1.30073E-04  1.67017E-04  2.14454E-04  2.75364E-04  3.53575E-04  4.53999E-04
  5.82947E-04  7.48518E-04  9.61117E-04  1.23410E-03  1.58461E-03  2.03468E-03
  2.24867E-03  2.48517E-03  2.61259E-03  2.74654E-03  3.03539E-03  3.35463E-03
  3.70744E-03  4.30742E-03  5.53084E-03  7.10174E-03  9.11882E-03  1.05946E-02
  1.17088E-02  1.50344E-02  1.93045E-02  2.18749E-02  2.35786E-02  2.41755E-02
  2.47875E-02  2.60584E-02  2.70001E-02  2.85011E-02  3.18278E-02  3.43067E-02
  4.08677E-02  4.63092E-02  5.24752E-02  5.65622E-02  6.73795E-02  7.20245E-02
  7.94987E-02  8.25034E-02  8.65170E-02  9.80365E-02  1.11090E-01  1.16786E-01
  1.22773E-01  1.29068E-01  1.35686E-01  1.42642E-01  1.49956E-01  1.57644E-01
  1.65727E-01  1.74224E-01  1.83156E-01  1.92547E-01  2.02419E-01  2.12797E-01
  2.23708E-01  2.35177E-01  2.47235E-01  2.73237E-01  2.87246E-01  2.94518E-01
  2.97211E-01  2.98491E-01  3.01974E-01  3.33733E-01  3.68832E-01  3.87742E-01
  4.07622E-01  4.50492E-01  4.97871E-01  5.23397E-01  5.50232E-01  5.78443E-01
  6.08101E-01  6.39279E-01  6.72055E-01  7.06512E-01  7.42736E-01  7.80817E-01
  8.20850E-01  8.62936E-01  9.07180E-01  9.61672E-01  1.00259E+00  1.10803E+00
  1.16484E+00  1.22456E+00  1.28735E+00  1.35335E+00  1.42274E+00  1.49569E+00
  1.57237E+00  1.65299E+00  1.73774E+00  1.82684E+00  1.92050E+00  2.01897E+00
  2.12248E+00  2.23130E+00  2.30693E+00  2.34570E+00  2.36533E+00  2.38513E+00
  2.46597E+00  2.59240E+00  2.72532E+00  2.86505E+00  3.01194E+00  3.16637E+00
  3.32871E+00  3.67879E+00  4.06570E+00  4.49329E+00  4.72367E+00  4.96585E+00
  5.22046E+00  5.48812E+00  5.76950E+00  6.06531E+00  6.37628E+00  6.59241E+00
  6.70320E+00  7.04688E+00  7.40818E+00  7.78801E+00  8.18731E+00  8.60708E+00
  9.04837E+00  9.51229E+00  1.00000E+01  1.05127E+01  1.10517E+01  1.16183E+01
  1.22140E+01  1.25232E+01  1.28403E+01  1.34986E+01  1.38403E+01  1.41907E+01
  1.45499E+01  1.49182E+01  1.56831E+01  1.64872E+01  1.69046E+01  1.73325E+01
  1.96403E+01
t        0
vals
  5.92564E-09 0.0793  1.62272E-07 0.0207  9.54657E-08 0.0169  1.33523E-07 0.0142
  1.79368E-07 0.0122  2.32289E-07 0.0105  2.93746E-07 0.0093  3.67497E-07 0.0086
  4.34601E-07 0.0076  5.14568E-07 0.0067  5.91881E-07 0.0062  6.69607E-07 0.0061
  7.47615E-07 0.0060  8.23036E-07 0.0059  9.11505E-07 0.0058  9.69378E-07 0.0058
  1.04039E-06 0.0058  1.10984E-06 0.0057  1.17328E-06 0.0057  1.23282E-06 0.0057
  1.29373E-06 0.0057  1.34974E-06 0.0057  1.40999E-06 0.0057  1.45684E-06 0.0057
  1.51162E-06 0.0057  1.56550E-06 0.0056  1.62073E-06 0.0056  1.68762E-06 0.0056
  1.74231E-06 0.0056  1.82302E-06 0.0056  1.90812E-06 0.0056  1.99533E-06 0.0055
  2.12398E-06 0.0055  2.31771E-06 0.0054  2.77296E-06 0.0053  3.00165E-06 0.0052
  1.26763E-06 0.0059  1.31608E-06 0.0059  6.76735E-07 0.0069  6.80964E-07 0.0069
  1.41198E-06 0.0059  1.47101E-06 0.0058  1.52278E-06 0.0058  2.40324E-06 0.0055
  4.35986E-06 0.0051  4.79067E-06 0.0051  5.16275E-06 0.0052  3.25018E-06 0.0056
  2.21096E-06 0.0062  5.88502E-06 0.0056  7.46047E-06 0.0058  6.38954E-06 0.0063
  1.09324E-05 0.0063  2.29009E-05 0.0053  6.07320E-05 0.0036  5.36087E-05 0.0032
  2.55746E-06 0.0037  4.65497E-07 0.0031  2.59895E-06 0.0026  3.67971E-06 0.0027
  1.31356E-05 0.0024  1.23055E-05 0.0025  1.42195E-05 0.0025  1.01312E-05 0.0028
  2.97576E-05 0.0024  2.41645E-05 0.0029  5.12316E-05 0.0033  5.84448E-05 0.0032
  4.85996E-06 0.0043  1.80657E-05 0.0021  2.79370E-05 0.0021  1.56596E-05 0.0025
  1.67115E-05 0.0026  5.40460E-05 0.0029  2.80031E-05 0.0029  7.44909E-05 0.0029
  6.95124E-06 0.0023  1.30629E-05 0.0023  2.32939E-05 0.0022  4.80525E-05 0.0032
  4.49133E-05 0.0023  7.80940E-05 0.0028  1.20776E-05 0.0020  2.14817E-05 0.0019
  5.02083E-05 0.0028  1.93073E-05 0.0020  4.38337E-05 0.0025  1.08344E-04 0.0018
  6.18118E-05 0.0030  1.62848E-05 0.0023  9.88728E-06 0.0034  5.27605E-06 0.0048
  1.53773E-05 0.0032  1.59937E-04 0.0017  1.49524E-04 0.0016  8.53146E-05 0.0023
  1.87161E-05 0.0018  5.55213E-05 0.0017  7.68205E-05 0.0017  3.45712E-05 0.0020
  3.93501E-05 0.0019  4.20988E-05 0.0018  6.09327E-05 0.0018  8.23588E-05 0.0019
  7.70077E-05 0.0022  4.18966E-05 0.0024  2.77644E-05 0.0023  1.92854E-05 0.0022
  1.86053E-05 0.0022  2.30249E-05 0.0027  2.13862E-05 0.0026  3.21482E-05 0.0026
  1.37123E-05 0.0028  3.46670E-05 0.0022  2.03552E-05 0.0027  2.22352E-05 0.0028
  1.29393E-05 0.0027  1.43589E-05 0.0028  1.26748E-05 0.0030  1.15472E-05 0.0029
  1.24723E-05 0.0030  1.21668E-05 0.0029  1.28654E-05 0.0029  1.18608E-05 0.0030
  9.86130E-06 0.0032  9.07302E-06 0.0031  9.21488E-06 0.0031  9.12344E-06 0.0032
  6.24364E-06 0.0038  2.75616E-06 0.0050  1.73531E-06 0.0068  1.59553E-06 0.0067
  5.62941E-06 0.0038  7.49716E-06 0.0033  7.82577E-06 0.0034  7.02175E-06 0.0035
  6.60175E-06 0.0036  5.95123E-06 0.0038  5.67870E-06 0.0039  1.07265E-05 0.0030
  9.93135E-06 0.0031  9.35230E-06 0.0032  4.41742E-06 0.0045  4.32822E-06 0.0046
  4.28445E-06 0.0046  4.23846E-06 0.0047  4.18109E-06 0.0047  4.11448E-06 0.0048
  4.22522E-06 0.0048  2.76875E-06 0.0057  1.40153E-06 0.0077  4.24674E-06 0.0048
  4.35904E-06 0.0048  4.48501E-06 0.0048  4.62081E-06 0.0048  4.69447E-06 0.0047
  4.91753E-06 0.0047  5.02938E-06 0.0046  5.21800E-06 0.0046  5.37367E-06 0.0045
  5.55989E-06 0.0044  5.75309E-06 0.0044  5.95545E-06 0.0043  3.10606E-06 0.0058
  3.15398E-06 0.0058  6.51584E-06 0.0041  3.36763E-06 0.0056  3.45561E-06 0.0055
  3.50602E-06 0.0055  3.62598E-06 0.0054  7.46433E-06 0.0039  8.03593E-06 0.0039
  4.20303E-06 0.0053  4.36908E-06 0.0053  2.26147E-05 0.0024  2.83196E-03 0.0007
tfc   11       1       1       1       1       1       1     176       1
     256000  2.82290E-03  2.23923E-03  5.03422E+05
     512000  2.83150E-03  1.58160E-03  5.03115E+05
     768000  2.83357E-03  1.29158E-03  5.02813E+05
    1024000  2.83363E-03  1.11947E-03  5.02094E+05
    1280000  2.83383E-03  1.00093E-03  5.02423E+05
    1536000  2.83448E-03  9.13831E-04  5.02197E+05
    1792000  2.83385E-03  8.46193E-04  5.02041E+05
    2048000  2.83352E-03  7.91544E-04  5.02254E+05
    2304000  2.83290E-03  7.46340E-04  5.02317E+05
    2560000  2.83220E-03  7.08019E-04  5.02458E+05
    2603356  2.83196E-03  7.02070E-04  5.02504E+05
tally   14    1    0
     Tally of the total xs reaction                                             
f        1
      1
d        1
u        0
s        0
m        1
c        0
et     176
  1.00001E-07  4.13994E-07  5.31579E-07  6.82560E-07  8.76425E-07  1.12300E-06
  1.44000E-06  1.85539E-06  2.38237E-06  3.05902E-06  3.92786E-06  5.04348E-06
  6.47595E-06  8.31529E-06  1.06770E-05  1.37096E-05  1.76035E-05  2.26033E-05
  2.90232E-05  3.72665E-05  4.78512E-05  6.14421E-05  7.88932E-05  1.01301E-04
  1.30073E-04  1.67017E-04  2.14454E-04  2.75364E-04  3.53575E-04  4.53999E-04
  5.82947E-04  7.48518E-04  9.61117E-04  1.23410E-03  1.58461E-03  2.03468E-03
  2.24867E-03  2.48517E-03  2.61259E-03  2.74654E-03  3.03539E-03  3.35463E-03
  3.70744E-03  4.30742E-03  5.53084E-03  7.10174E-03  9.11882E-03  1.05946E-02
  1.17088E-02  1.50344E-02  1.93045E-02  2.18749E-02  2.35786E-02  2.41755E-02
  2.47875E-02  2.60584E-02  2.70001E-02  2.85011E-02  3.18278E-02  3.43067E-02
  4.08677E-02  4.63092E-02  5.24752E-02  5.65622E-02  6.73795E-02  7.20245E-02
  7.94987E-02  8.25034E-02  8.65170E-02  9.80365E-02  1.11090E-01  1.16786E-01
  1.22773E-01  1.29068E-01  1.35686E-01  1.42642E-01  1.49956E-01  1.57644E-01
  1.65727E-01  1.74224E-01  1.83156E-01  1.92547E-01  2.02419E-01  2.12797E-01
  2.23708E-01  2.35177E-01  2.47235E-01  2.73237E-01  2.87246E-01  2.94518E-01
  2.97211E-01  2.98491E-01  3.01974E-01  3.33733E-01  3.68832E-01  3.87742E-01
  4.07622E-01  4.50492E-01  4.97871E-01  5.23397E-01  5.50232E-01  5.78443E-01
  6.08101E-01  6.39279E-01  6.72055E-01  7.06512E-01  7.42736E-01  7.80817E-01
  8.20850E-01  8.62936E-01  9.07180E-01  9.61672E-01  1.00259E+00  1.10803E+00
  1.16484E+00  1.22456E+00  1.28735E+00  1.35335E+00  1.42274E+00  1.49569E+00
  1.57237E+00  1.65299E+00  1.73774E+00  1.82684E+00  1.92050E+00  2.01897E+00
  2.12248E+00  2.23130E+00  2.30693E+00  2.34570E+00  2.36533E+00  2.38513E+00
  2.46597E+00  2.59240E+00  2.72532E+00  2.86505E+00  3.01194E+00  3.16637E+00
  3.32871E+00  3.67879E+00  4.06570E+00  4.49329E+00  4.72367E+00  4.96585E+00
  5.22046E+00  5.48812E+00  5.76950E+00  6.06531E+00  6.37628E+00  6.59241E+00
  6.70320E+00  7.04688E+00  7.40818E+00  7.78801E+00  8.18731E+00  8.60708E+00
  9.04837E+00  9.51229E+00  1.00000E+01  1.05127E+01  1.10517E+01  1.16183E+01
  1.22140E+01  1.25232E+01  1.28403E+01  1.34986E+01  1.38403E+01  1.41907E+01
  1.45499E+01  1.49182E+01  1.56831E+01  1.64872E+01  1.69046E+01  1.73325E+01
  1.96403E+01
t        0
vals
  8.08208E-32 0.0794  2.08687E-30 0.0207  1.20803E-30 0.0169  1.68006E-30 0.0142
  2.24548E-30 0.0122  2.89494E-30 0.0105  3.64617E-30 0.0093  4.54510E-30 0.0086
  5.35752E-30 0.0076  6.32474E-30 0.0067  7.25564E-30 0.0062  8.18823E-30 0.0061
  9.12103E-30 0.0060  1.00190E-29 0.0059  1.10718E-29 0.0058  1.17490E-29 0.0058
  1.25807E-29 0.0058  1.33871E-29 0.0057  1.41130E-29 0.0057  1.47818E-29 0.0057
  1.54537E-29 0.0057  1.60496E-29 0.0057  1.66733E-29 0.0057  1.71101E-29 0.0057
  1.76039E-29 0.0057  1.80401E-29 0.0056  1.84335E-29 0.0056  1.88852E-29 0.0056
  1.91095E-29 0.0056  1.95099E-29 0.0056  1.98191E-29 0.0056  1.99933E-29 0.0055
  2.03942E-29 0.0055  2.16326E-29 0.0054  2.39231E-29 0.0053  2.42743E-29 0.0052
  9.76083E-30 0.0059  9.83946E-30 0.0059  4.94274E-30 0.0069  4.89634E-30 0.0069
  9.91000E-30 0.0059  9.98909E-30 0.0058  9.99463E-30 0.0058  1.50914E-29 0.0055
  2.54083E-29 0.0051  2.52492E-29 0.0051  2.43086E-29 0.0052  1.37886E-29 0.0056
  8.69123E-30 0.0062  2.02021E-29 0.0056  1.85745E-29 0.0058  9.05812E-30 0.0062
  5.65609E-30 0.0062  2.65169E-30 0.0056  9.34082E-31 0.0044  2.03309E-29 0.0030
  1.86339E-29 0.0034  2.84515E-29 0.0029  5.73213E-29 0.0025  3.86512E-29 0.0027
  9.01714E-29 0.0024  6.38978E-29 0.0025  6.27640E-29 0.0025  3.83101E-29 0.0028
  8.81603E-29 0.0024  3.40615E-29 0.0028  5.68641E-29 0.0023  2.00996E-29 0.0029
  3.58066E-29 0.0025  9.17270E-29 0.0021  9.05841E-29 0.0021  3.93724E-29 0.0025
  3.39725E-29 0.0026  3.58790E-29 0.0025  4.27228E-29 0.0023  3.53935E-29 0.0023
  4.45277E-29 0.0023  4.64137E-29 0.0023  4.97591E-29 0.0022  4.79456E-29 0.0022
  5.41797E-29 0.0021  5.22144E-29 0.0020  6.24955E-29 0.0019  6.70855E-29 0.0019
  5.70930E-29 0.0020  6.46184E-29 0.0019  6.69130E-29 0.0019  1.25026E-28 0.0016
  7.01280E-29 0.0018  3.98815E-29 0.0023  1.62005E-29 0.0034  7.40155E-30 0.0048
  1.86052E-29 0.0032  1.46623E-28 0.0014  1.60497E-28 0.0014  7.80157E-29 0.0016
  9.15134E-29 0.0016  1.88295E-28 0.0013  1.78684E-28 0.0014  9.30247E-29 0.0017
  8.55242E-29 0.0017  8.96854E-29 0.0017  9.42691E-29 0.0018  8.17300E-29 0.0018
  6.05338E-29 0.0018  6.48140E-29 0.0019  6.26877E-29 0.0020  6.49006E-29 0.0020
  6.31251E-29 0.0022  4.58870E-29 0.0024  4.69674E-29 0.0025  4.20102E-29 0.0025
  3.30310E-29 0.0027  7.63012E-29 0.0021  3.72967E-29 0.0026  3.62605E-29 0.0025
  3.68876E-29 0.0026  3.61416E-29 0.0027  2.77868E-29 0.0029  3.24644E-29 0.0029
  3.37474E-29 0.0028  3.13157E-29 0.0029  3.29487E-29 0.0028  2.97203E-29 0.0029
  2.62188E-29 0.0031  2.83668E-29 0.0031  2.98473E-29 0.0031  2.78527E-29 0.0032
  1.69388E-29 0.0038  9.21107E-30 0.0050  4.27629E-30 0.0068  4.61370E-30 0.0066
  1.90224E-29 0.0037  2.79035E-29 0.0032  2.55119E-29 0.0033  2.34610E-29 0.0035
  2.13482E-29 0.0036  2.08813E-29 0.0038  1.90975E-29 0.0039  3.63334E-29 0.0030
  3.55318E-29 0.0031  3.41702E-29 0.0032  1.65124E-29 0.0045  1.60555E-29 0.0046
  1.57342E-29 0.0046  1.56593E-29 0.0047  1.53593E-29 0.0047  1.51019E-29 0.0048
  1.52928E-29 0.0048  1.01521E-29 0.0057  5.10524E-30 0.0077  1.52552E-29 0.0048
  1.55463E-29 0.0048  1.57158E-29 0.0048  1.58816E-29 0.0048  1.58767E-29 0.0048
  1.60249E-29 0.0047  1.62583E-29 0.0046  1.64842E-29 0.0046  1.65839E-29 0.0045
  1.67497E-29 0.0044  1.68736E-29 0.0044  1.68905E-29 0.0043  8.57822E-30 0.0058
  8.59672E-30 0.0058  1.74811E-29 0.0041  8.86662E-30 0.0056  8.97493E-30 0.0055
  8.95954E-30 0.0055  9.13347E-30 0.0054  1.84249E-29 0.0039  1.92880E-29 0.0039
  9.87608E-30 0.0053  1.01436E-29 0.0053  5.15714E-29 0.0024  5.68414E-27 0.0009
tfc   11       1       1       1       1       1       1     176       1
     256000  5.65537E-27  2.75012E-03  3.33756E+05
     512000  5.68182E-27  1.94558E-03  3.32479E+05
     768000  5.68733E-27  1.58736E-03  3.32888E+05
    1024000  5.68796E-27  1.37724E-03  3.31738E+05
    1280000  5.68838E-27  1.23102E-03  3.32157E+05
    1536000  5.69013E-27  1.12438E-03  3.31728E+05
    1792000  5.69057E-27  1.04132E-03  3.31522E+05
    2048000  5.68822E-27  9.73615E-04  3.31970E+05
    2304000  5.68661E-27  9.18021E-04  3.32006E+05
    2560000  5.68416E-27  8.70793E-04  3.32170E+05
    2603356  5.68414E-27  8.63586E-04  3.32115E+05
