mcnp       5     05/09/13 00:06:44     2     1149947      524257280
 Run-script for NE506 project - Matthew Klebenow                                
ntal     2
    4   14
tally    4    1    0
     Tally of the flux reported in VITAMIN-J 175Gp structure                    
f        1
      1
d        1
u        0
s        0
m        0
c        0
et     176
  1.00001E-07  4.13994E-07  5.31579E-07  6.82560E-07  8.76425E-07  1.12300E-06
  1.44000E-06  1.85539E-06  2.38237E-06  3.05902E-06  3.92786E-06  5.04348E-06
  6.47595E-06  8.31529E-06  1.06770E-05  1.37096E-05  1.76035E-05  2.26033E-05
  2.90232E-05  3.72665E-05  4.78512E-05  6.14421E-05  7.88932E-05  1.01301E-04
  1.30073E-04  1.67017E-04  2.14454E-04  2.75364E-04  3.53575E-04  4.53999E-04
  5.82947E-04  7.48518E-04  9.61117E-04  1.23410E-03  1.58461E-03  2.03468E-03
  2.24867E-03  2.48517E-03  2.61259E-03  2.74654E-03  3.03539E-03  3.35463E-03
  3.70744E-03  4.30742E-03  5.53084E-03  7.10174E-03  9.11882E-03  1.05946E-02
  1.17088E-02  1.50344E-02  1.93045E-02  2.18749E-02  2.35786E-02  2.41755E-02
  2.47875E-02  2.60584E-02  2.70001E-02  2.85011E-02  3.18278E-02  3.43067E-02
  4.08677E-02  4.63092E-02  5.24752E-02  5.65622E-02  6.73795E-02  7.20245E-02
  7.94987E-02  8.25034E-02  8.65170E-02  9.80365E-02  1.11090E-01  1.16786E-01
  1.22773E-01  1.29068E-01  1.35686E-01  1.42642E-01  1.49956E-01  1.57644E-01
  1.65727E-01  1.74224E-01  1.83156E-01  1.92547E-01  2.02419E-01  2.12797E-01
  2.23708E-01  2.35177E-01  2.47235E-01  2.73237E-01  2.87246E-01  2.94518E-01
  2.97211E-01  2.98491E-01  3.01974E-01  3.33733E-01  3.68832E-01  3.87742E-01
  4.07622E-01  4.50492E-01  4.97871E-01  5.23397E-01  5.50232E-01  5.78443E-01
  6.08101E-01  6.39279E-01  6.72055E-01  7.06512E-01  7.42736E-01  7.80817E-01
  8.20850E-01  8.62936E-01  9.07180E-01  9.61672E-01  1.00259E+00  1.10803E+00
  1.16484E+00  1.22456E+00  1.28735E+00  1.35335E+00  1.42274E+00  1.49569E+00
  1.57237E+00  1.65299E+00  1.73774E+00  1.82684E+00  1.92050E+00  2.01897E+00
  2.12248E+00  2.23130E+00  2.30693E+00  2.34570E+00  2.36533E+00  2.38513E+00
  2.46597E+00  2.59240E+00  2.72532E+00  2.86505E+00  3.01194E+00  3.16637E+00
  3.32871E+00  3.67879E+00  4.06570E+00  4.49329E+00  4.72367E+00  4.96585E+00
  5.22046E+00  5.48812E+00  5.76950E+00  6.06531E+00  6.37628E+00  6.59241E+00
  6.70320E+00  7.04688E+00  7.40818E+00  7.78801E+00  8.18731E+00  8.60708E+00
  9.04837E+00  9.51229E+00  1.00000E+01  1.05127E+01  1.10517E+01  1.16183E+01
  1.22140E+01  1.25232E+01  1.28403E+01  1.34986E+01  1.38403E+01  1.41907E+01
  1.45499E+01  1.49182E+01  1.56831E+01  1.64872E+01  1.69046E+01  1.73325E+01
  1.96403E+01
t        0
vals
  0.00000E+00 0.0000  9.21511E-13 1.0000  5.20087E-10 0.5854  1.01028E-09 0.5474
  2.71563E-09 0.2589  6.14417E-09 0.1715  1.69020E-08 0.1098  4.21342E-08 0.0713
  1.01193E-07 0.0469  1.89851E-07 0.0339  3.59879E-07 0.0250  6.24703E-07 0.0190
  1.01894E-06 0.0149  1.59636E-06 0.0120  2.41140E-06 0.0099  3.44835E-06 0.0081
  4.77118E-06 0.0072  6.34709E-06 0.0060  8.09734E-06 0.0053  1.02219E-05 0.0050
  1.24432E-05 0.0046  1.50261E-05 0.0040  1.77317E-05 0.0036  2.06849E-05 0.0034
  2.38528E-05 0.0033  2.71449E-05 0.0032  3.06122E-05 0.0031  3.42025E-05 0.0030
  3.81198E-05 0.0029  4.24245E-05 0.0028  4.72468E-05 0.0027  5.28379E-05 0.0026
  5.97979E-05 0.0026  6.88444E-05 0.0025  8.25884E-05 0.0024  1.22769E-04 0.0021
  6.60536E-05 0.0023  8.31976E-05 0.0022  5.20239E-05 0.0025  6.39251E-05 0.0024
  1.96662E-04 0.0018  3.39078E-04 0.0016  1.35158E-04 0.0016  9.48474E-06 0.0015
  4.13522E-05 0.0013  1.12134E-05 0.0014  6.54397E-05 0.0015  5.61936E-05 0.0019
  3.19036E-05 0.0025  4.29372E-05 0.0030  1.70501E-05 0.0045  1.68316E-05 0.0033
  1.61416E-05 0.0026  5.96023E-06 0.0033  5.58062E-06 0.0032  8.20240E-06 0.0024
  3.32274E-06 0.0028  2.39055E-06 0.0025  2.05793E-06 0.0027  2.31058E-06 0.0044
  1.36392E-05 0.0029  5.21319E-05 0.0019  6.11628E-05 0.0017  2.42793E-05 0.0016
  2.31994E-05 0.0014  1.44228E-05 0.0021  2.61651E-05 0.0017  8.76571E-06 0.0021
  1.58333E-05 0.0019  4.39974E-05 0.0017  5.44509E-05 0.0017  8.72390E-06 0.0028
  1.91477E-05 0.0026  1.31840E-05 0.0025  6.77366E-06 0.0021  8.98932E-06 0.0021
  1.26888E-05 0.0021  1.68107E-05 0.0022  2.41405E-05 0.0024  1.39690E-05 0.0024
  3.10521E-05 0.0024  1.46403E-05 0.0029  1.31621E-05 0.0025  2.35941E-05 0.0027
  4.11623E-05 0.0029  2.06078E-05 0.0027  3.62222E-05 0.0029  7.39346E-05 0.0023
  3.01482E-05 0.0036  1.04253E-05 0.0042  5.31951E-06 0.0066  2.87634E-06 0.0094
  8.17787E-06 0.0061  8.32639E-05 0.0024  7.73651E-05 0.0023  3.97744E-05 0.0031
  1.49447E-05 0.0029  3.46782E-05 0.0024  4.39477E-05 0.0025  1.80922E-05 0.0033
  1.98429E-05 0.0033  2.01155E-05 0.0035  2.29713E-05 0.0035  2.92484E-05 0.0034
  3.02878E-05 0.0033  2.46625E-05 0.0033  2.09114E-05 0.0032  1.58100E-05 0.0032
  1.53423E-05 0.0034  1.87773E-05 0.0036  1.78340E-05 0.0036  2.73237E-05 0.0033
  1.49682E-05 0.0038  3.52902E-05 0.0028  1.87364E-05 0.0037  1.92795E-05 0.0036
  1.46991E-05 0.0037  1.56799E-05 0.0037  1.48756E-05 0.0039  1.37431E-05 0.0038
  1.39378E-05 0.0039  1.27606E-05 0.0040  1.29877E-05 0.0040  1.26581E-05 0.0041
  1.11951E-05 0.0042  1.05342E-05 0.0043  1.02108E-05 0.0043  9.89265E-06 0.0044
  6.80560E-06 0.0053  2.92615E-06 0.0072  1.83832E-06 0.0099  1.70991E-06 0.0096
  5.92923E-06 0.0054  7.74895E-06 0.0047  7.86205E-06 0.0048  7.30009E-06 0.0050
  7.21979E-06 0.0051  6.54272E-06 0.0052  6.26284E-06 0.0054  1.16443E-05 0.0043
  1.04245E-05 0.0045  9.40257E-06 0.0048  4.33688E-06 0.0067  4.19052E-06 0.0068
  4.04035E-06 0.0071  3.94564E-06 0.0072  3.89187E-06 0.0073  3.82538E-06 0.0074
  3.87342E-06 0.0075  2.53180E-06 0.0090  1.26207E-06 0.0122  3.84991E-06 0.0076
  3.88751E-06 0.0077  4.00129E-06 0.0076  4.05916E-06 0.0076  4.11875E-06 0.0076
  4.32237E-06 0.0076  4.44298E-06 0.0075  4.60499E-06 0.0073  4.77443E-06 0.0073
  4.93892E-06 0.0071  5.15476E-06 0.0070  5.39103E-06 0.0069  2.86380E-06 0.0092
  2.87589E-06 0.0092  6.06678E-06 0.0065  3.15540E-06 0.0089  3.25328E-06 0.0088
  3.32745E-06 0.0087  3.44153E-06 0.0085  7.21326E-06 0.0061  7.64296E-06 0.0060
  4.03619E-06 0.0083  4.20683E-06 0.0082  2.22637E-05 0.0037  3.84990E-03 0.0010
tfc   18       1       1       1       1       1       1     176       1
      64000  3.84986E-03  4.41427E-03  2.26130E+05
     128000  3.85051E-03  3.12355E-03  2.26111E+05
     192000  3.83877E-03  2.55194E-03  2.26532E+05
     256000  3.84423E-03  2.20851E-03  2.26681E+05
     320000  3.84404E-03  1.97367E-03  2.27101E+05
     384000  3.84568E-03  1.80191E-03  2.27014E+05
     448000  3.84509E-03  1.66898E-03  2.26905E+05
     512000  3.84451E-03  1.56171E-03  2.26747E+05
     576000  3.84723E-03  1.47224E-03  2.26634E+05
     640000  3.84966E-03  1.39650E-03  2.26560E+05
     704000  3.85111E-03  1.33182E-03  2.26428E+05
     768000  3.84840E-03  1.27523E-03  2.26538E+05
     832000  3.84933E-03  1.22502E-03  2.26566E+05
     896000  3.85003E-03  1.18026E-03  2.26575E+05
     960000  3.84993E-03  1.14037E-03  2.26567E+05
    1024000  3.85022E-03  1.10406E-03  2.26583E+05
    1088000  3.85079E-03  1.07102E-03  2.26635E+05
    1149947  3.84990E-03  1.04186E-03  2.26667E+05
tally   14    1    0
     Tally of the total xs reaction                                             
f        1
      1
d        1
u        0
s        0
m        1
c        0
et     176
  1.00001E-07  4.13994E-07  5.31579E-07  6.82560E-07  8.76425E-07  1.12300E-06
  1.44000E-06  1.85539E-06  2.38237E-06  3.05902E-06  3.92786E-06  5.04348E-06
  6.47595E-06  8.31529E-06  1.06770E-05  1.37096E-05  1.76035E-05  2.26033E-05
  2.90232E-05  3.72665E-05  4.78512E-05  6.14421E-05  7.88932E-05  1.01301E-04
  1.30073E-04  1.67017E-04  2.14454E-04  2.75364E-04  3.53575E-04  4.53999E-04
  5.82947E-04  7.48518E-04  9.61117E-04  1.23410E-03  1.58461E-03  2.03468E-03
  2.24867E-03  2.48517E-03  2.61259E-03  2.74654E-03  3.03539E-03  3.35463E-03
  3.70744E-03  4.30742E-03  5.53084E-03  7.10174E-03  9.11882E-03  1.05946E-02
  1.17088E-02  1.50344E-02  1.93045E-02  2.18749E-02  2.35786E-02  2.41755E-02
  2.47875E-02  2.60584E-02  2.70001E-02  2.85011E-02  3.18278E-02  3.43067E-02
  4.08677E-02  4.63092E-02  5.24752E-02  5.65622E-02  6.73795E-02  7.20245E-02
  7.94987E-02  8.25034E-02  8.65170E-02  9.80365E-02  1.11090E-01  1.16786E-01
  1.22773E-01  1.29068E-01  1.35686E-01  1.42642E-01  1.49956E-01  1.57644E-01
  1.65727E-01  1.74224E-01  1.83156E-01  1.92547E-01  2.02419E-01  2.12797E-01
  2.23708E-01  2.35177E-01  2.47235E-01  2.73237E-01  2.87246E-01  2.94518E-01
  2.97211E-01  2.98491E-01  3.01974E-01  3.33733E-01  3.68832E-01  3.87742E-01
  4.07622E-01  4.50492E-01  4.97871E-01  5.23397E-01  5.50232E-01  5.78443E-01
  6.08101E-01  6.39279E-01  6.72055E-01  7.06512E-01  7.42736E-01  7.80817E-01
  8.20850E-01  8.62936E-01  9.07180E-01  9.61672E-01  1.00259E+00  1.10803E+00
  1.16484E+00  1.22456E+00  1.28735E+00  1.35335E+00  1.42274E+00  1.49569E+00
  1.57237E+00  1.65299E+00  1.73774E+00  1.82684E+00  1.92050E+00  2.01897E+00
  2.12248E+00  2.23130E+00  2.30693E+00  2.34570E+00  2.36533E+00  2.38513E+00
  2.46597E+00  2.59240E+00  2.72532E+00  2.86505E+00  3.01194E+00  3.16637E+00
  3.32871E+00  3.67879E+00  4.06570E+00  4.49329E+00  4.72367E+00  4.96585E+00
  5.22046E+00  5.48812E+00  5.76950E+00  6.06531E+00  6.37628E+00  6.59241E+00
  6.70320E+00  7.04688E+00  7.40818E+00  7.78801E+00  8.18731E+00  8.60708E+00
  9.04837E+00  9.51229E+00  1.00000E+01  1.05127E+01  1.10517E+01  1.16183E+01
  1.22140E+01  1.25232E+01  1.28403E+01  1.34986E+01  1.38403E+01  1.41907E+01
  1.45499E+01  1.49182E+01  1.56831E+01  1.64872E+01  1.69046E+01  1.73325E+01
  1.96403E+01
t        0
vals
  0.00000E+00 0.0000  2.95569E-36 1.0000  1.64082E-33 0.5863  3.13195E-33 0.5479
  8.23802E-33 0.2590  1.83080E-32 0.1716  4.96070E-32 0.1099  1.21945E-31 0.0713
  2.89227E-31 0.0469  5.36724E-31 0.0340  1.00737E-30 0.0250  1.73310E-30 0.0190
  2.80432E-30 0.0149  4.36183E-30 0.0120  6.54523E-30 0.0099  9.30393E-30 0.0081
  1.28018E-29 0.0072  1.69421E-29 0.0060  2.15074E-29 0.0053  2.70202E-29 0.0050
  3.27352E-29 0.0046  3.93366E-29 0.0040  4.61792E-29 0.0036  5.35648E-29 0.0034
  6.13740E-29 0.0033  6.93282E-29 0.0032  7.74949E-29 0.0031  8.56525E-29 0.0030
  9.41832E-29 0.0029  1.03032E-28 0.0028  1.12199E-28 0.0027  1.21787E-28 0.0026
  1.32304E-28 0.0026  1.43710E-28 0.0025  1.57995E-28 0.0024  2.07277E-28 0.0021
  9.30214E-29 0.0023  1.00984E-28 0.0022  5.43293E-29 0.0025  5.83322E-29 0.0024
  1.35614E-28 0.0018  1.91695E-28 0.0016  2.73060E-28 0.0015  4.39355E-28 0.0014
  7.35969E-28 0.0013  7.12896E-28 0.0014  6.30825E-28 0.0015  2.75576E-28 0.0018
  1.21869E-28 0.0025  1.35941E-28 0.0030  6.42419E-29 0.0045  7.25376E-29 0.0033
  8.71959E-29 0.0026  4.02499E-29 0.0033  4.45272E-29 0.0032  9.02702E-29 0.0024
  6.09841E-29 0.0028  8.70982E-29 0.0025  1.14858E-28 0.0026  3.73263E-29 0.0042
  9.23394E-29 0.0027  2.86781E-28 0.0016  3.78400E-28 0.0015  2.41757E-28 0.0016
  4.94649E-28 0.0014  1.49831E-28 0.0021  2.74924E-28 0.0015  1.18247E-28 0.0021
  1.43670E-28 0.0019  2.77512E-28 0.0017  2.56168E-28 0.0016  8.45188E-29 0.0026
  6.95372E-29 0.0026  1.06910E-28 0.0022  1.21946E-28 0.0021  1.10121E-28 0.0021
  1.17099E-28 0.0021  1.11383E-28 0.0022  1.02031E-28 0.0023  1.01624E-28 0.0023
  1.05620E-28 0.0023  1.00383E-28 0.0023  8.95533E-29 0.0024  7.69197E-29 0.0026
  7.42943E-29 0.0025  7.26641E-29 0.0027  7.24820E-29 0.0026  1.12982E-28 0.0022
  7.50525E-29 0.0027  2.74749E-29 0.0041  9.71239E-30 0.0066  4.54290E-30 0.0094
  1.12892E-29 0.0060  1.29218E-28 0.0022  1.22754E-28 0.0022  6.88608E-29 0.0026
  7.69673E-29 0.0027  1.39595E-28 0.0023  1.22287E-28 0.0023  5.77605E-29 0.0031
  5.19432E-29 0.0032  4.94049E-29 0.0033  4.38069E-29 0.0034  4.41932E-29 0.0033
  4.78725E-29 0.0030  5.19874E-29 0.0030  5.62874E-29 0.0030  5.83719E-29 0.0031
  5.31552E-29 0.0033  4.27585E-29 0.0034  4.29356E-29 0.0035  4.59407E-29 0.0032
  3.79206E-29 0.0036  8.19640E-29 0.0027  3.84050E-29 0.0036  3.83100E-29 0.0035
  4.05710E-29 0.0036  4.19077E-29 0.0036  3.52767E-29 0.0037  3.99981E-29 0.0038
  4.06077E-29 0.0038  3.53501E-29 0.0040  3.33151E-29 0.0040  3.17571E-29 0.0040
  3.04215E-29 0.0041  3.25275E-29 0.0042  3.31091E-29 0.0043  3.02080E-29 0.0044
  1.84577E-29 0.0053  9.78103E-30 0.0072  4.52711E-30 0.0098  4.95058E-30 0.0095
  2.00542E-29 0.0053  2.88139E-29 0.0046  2.56258E-29 0.0048  2.43914E-29 0.0049
  2.33641E-29 0.0051  2.29672E-29 0.0052  2.10489E-29 0.0054  3.94356E-29 0.0043
  3.72893E-29 0.0045  3.43629E-29 0.0048  1.62102E-29 0.0066  1.55486E-29 0.0068
  1.48399E-29 0.0071  1.45784E-29 0.0072  1.43005E-29 0.0073  1.40396E-29 0.0074
  1.40191E-29 0.0075  9.28062E-30 0.0090  4.59595E-30 0.0122  1.38271E-29 0.0076
  1.38659E-29 0.0077  1.40212E-29 0.0076  1.39516E-29 0.0077  1.39285E-29 0.0076
  1.40847E-29 0.0076  1.43619E-29 0.0075  1.45640E-29 0.0073  1.47502E-29 0.0073
  1.48962E-29 0.0071  1.51271E-29 0.0070  1.52827E-29 0.0069  7.89384E-30 0.0092
  7.83878E-30 0.0092  1.62808E-29 0.0065  8.30204E-30 0.0089  8.44411E-30 0.0088
  8.50383E-30 0.0087  8.67128E-30 0.0085  1.78013E-29 0.0061  1.83437E-29 0.0060
  9.48418E-30 0.0083  9.76521E-30 0.0082  5.07550E-29 0.0037  1.34794E-26 0.0010
tfc   18       1       1       1       1       1       1     176       1
      64000  1.34818E-26  4.14645E-03  2.56284E+05
     128000  1.34849E-26  2.93227E-03  2.56573E+05
     192000  1.34540E-26  2.39573E-03  2.57038E+05
     256000  1.34630E-26  2.07328E-03  2.57214E+05
     320000  1.34669E-26  1.85207E-03  2.57900E+05
     384000  1.34711E-26  1.69098E-03  2.57776E+05
     448000  1.34675E-26  1.56592E-03  2.57755E+05
     512000  1.34686E-26  1.46519E-03  2.57606E+05
     576000  1.34772E-26  1.38112E-03  2.57525E+05
     640000  1.34853E-26  1.30996E-03  2.57483E+05
     704000  1.34877E-26  1.24929E-03  2.57333E+05
     768000  1.34792E-26  1.19621E-03  2.57459E+05
     832000  1.34826E-26  1.14909E-03  2.57494E+05
     896000  1.34838E-26  1.10708E-03  2.57522E+05
     960000  1.34826E-26  1.06966E-03  2.57508E+05
    1024000  1.34824E-26  1.03567E-03  2.57497E+05
    1088000  1.34821E-26  1.00466E-03  2.57559E+05
    1149947  1.34794E-26  9.77307E-04  2.57598E+05
