mcnp       5     05/09/13 00:13:27     2     2109249      497367460
 Run-script for NE506 project - Matthew Klebenow                                
ntal     2
    4   14
tally    4    1    0
     Tally of the flux reported in VITAMIN-J 175Gp structure                    
f        1
      1
d        1
u        0
s        0
m        0
c        0
et     176
  1.00001E-07  4.13994E-07  5.31579E-07  6.82560E-07  8.76425E-07  1.12300E-06
  1.44000E-06  1.85539E-06  2.38237E-06  3.05902E-06  3.92786E-06  5.04348E-06
  6.47595E-06  8.31529E-06  1.06770E-05  1.37096E-05  1.76035E-05  2.26033E-05
  2.90232E-05  3.72665E-05  4.78512E-05  6.14421E-05  7.88932E-05  1.01301E-04
  1.30073E-04  1.67017E-04  2.14454E-04  2.75364E-04  3.53575E-04  4.53999E-04
  5.82947E-04  7.48518E-04  9.61117E-04  1.23410E-03  1.58461E-03  2.03468E-03
  2.24867E-03  2.48517E-03  2.61259E-03  2.74654E-03  3.03539E-03  3.35463E-03
  3.70744E-03  4.30742E-03  5.53084E-03  7.10174E-03  9.11882E-03  1.05946E-02
  1.17088E-02  1.50344E-02  1.93045E-02  2.18749E-02  2.35786E-02  2.41755E-02
  2.47875E-02  2.60584E-02  2.70001E-02  2.85011E-02  3.18278E-02  3.43067E-02
  4.08677E-02  4.63092E-02  5.24752E-02  5.65622E-02  6.73795E-02  7.20245E-02
  7.94987E-02  8.25034E-02  8.65170E-02  9.80365E-02  1.11090E-01  1.16786E-01
  1.22773E-01  1.29068E-01  1.35686E-01  1.42642E-01  1.49956E-01  1.57644E-01
  1.65727E-01  1.74224E-01  1.83156E-01  1.92547E-01  2.02419E-01  2.12797E-01
  2.23708E-01  2.35177E-01  2.47235E-01  2.73237E-01  2.87246E-01  2.94518E-01
  2.97211E-01  2.98491E-01  3.01974E-01  3.33733E-01  3.68832E-01  3.87742E-01
  4.07622E-01  4.50492E-01  4.97871E-01  5.23397E-01  5.50232E-01  5.78443E-01
  6.08101E-01  6.39279E-01  6.72055E-01  7.06512E-01  7.42736E-01  7.80817E-01
  8.20850E-01  8.62936E-01  9.07180E-01  9.61672E-01  1.00259E+00  1.10803E+00
  1.16484E+00  1.22456E+00  1.28735E+00  1.35335E+00  1.42274E+00  1.49569E+00
  1.57237E+00  1.65299E+00  1.73774E+00  1.82684E+00  1.92050E+00  2.01897E+00
  2.12248E+00  2.23130E+00  2.30693E+00  2.34570E+00  2.36533E+00  2.38513E+00
  2.46597E+00  2.59240E+00  2.72532E+00  2.86505E+00  3.01194E+00  3.16637E+00
  3.32871E+00  3.67879E+00  4.06570E+00  4.49329E+00  4.72367E+00  4.96585E+00
  5.22046E+00  5.48812E+00  5.76950E+00  6.06531E+00  6.37628E+00  6.59241E+00
  6.70320E+00  7.04688E+00  7.40818E+00  7.78801E+00  8.18731E+00  8.60708E+00
  9.04837E+00  9.51229E+00  1.00000E+01  1.05127E+01  1.10517E+01  1.16183E+01
  1.22140E+01  1.25232E+01  1.28403E+01  1.34986E+01  1.38403E+01  1.41907E+01
  1.45499E+01  1.49182E+01  1.56831E+01  1.64872E+01  1.69046E+01  1.73325E+01
  1.96403E+01
t        0
vals
  0.00000E+00 0.0000  3.05653E-10 0.7285  3.68951E-10 0.6333  6.85946E-10 0.4224
  1.07402E-09 0.3026  1.89678E-09 0.2307  2.78175E-09 0.1980  3.71272E-09 0.1603
  6.75865E-09 0.1303  9.00826E-09 0.1146  1.13299E-08 0.1031  1.45947E-08 0.0882
  1.71899E-08 0.0815  2.05865E-08 0.0761  2.50861E-08 0.0702  2.80198E-08 0.0642
  3.34862E-08 0.0605  3.93941E-08 0.0553  4.40483E-08 0.0539  5.01605E-08 0.0520
  5.36500E-08 0.0506  5.89177E-08 0.0492  6.34390E-08 0.0482  6.84435E-08 0.0470
  7.37082E-08 0.0455  7.91214E-08 0.0438  8.24486E-08 0.0434  1.20230E-07 0.0374
  1.46184E-07 0.0358  2.81347E-07 0.0294  3.25863E-07 0.0288  3.49469E-07 0.0280
  3.68607E-07 0.0276  3.93028E-07 0.0273  4.12509E-07 0.0268  4.40533E-07 0.0267
  1.82034E-07 0.0298  1.89252E-07 0.0294  9.52754E-08 0.0351  1.00011E-07 0.0345
  2.01745E-07 0.0295  2.09765E-07 0.0297  2.11311E-07 0.0293  3.21927E-07 0.0277
  5.51963E-07 0.0266  6.13306E-07 0.0278  3.54498E-06 0.0167  5.84453E-06 0.0126
  1.88085E-07 0.0129  1.56762E-06 0.0113  2.61214E-06 0.0118  1.74843E-06 0.0135
  1.28066E-06 0.0155  4.84709E-07 0.0226  5.17915E-07 0.0231  1.10556E-06 0.0183
  8.74965E-07 0.0217  1.91509E-06 0.0175  5.18765E-05 0.0045  2.58020E-04 0.0020
  1.00775E-04 0.0019  3.53628E-06 0.0019  5.71597E-06 0.0019  7.16415E-06 0.0021
  1.09768E-04 0.0022  1.00264E-05 0.0021  5.61737E-05 0.0019  1.43631E-04 0.0020
  2.96855E-04 0.0016  2.69960E-05 0.0015  2.44910E-05 0.0013  2.17378E-05 0.0015
  7.58810E-05 0.0024  1.05764E-05 0.0016  1.42923E-05 0.0015  1.49134E-05 0.0016
  1.77787E-05 0.0016  2.00434E-05 0.0016  2.76180E-05 0.0016  4.30537E-05 0.0016
  8.31626E-05 0.0021  1.94393E-05 0.0016  2.92950E-05 0.0016  4.36243E-05 0.0016
  6.33475E-05 0.0016  2.16024E-04 0.0015  5.26877E-05 0.0018  1.06539E-04 0.0015
  1.78271E-05 0.0014  1.23466E-05 0.0018  5.82989E-06 0.0027  2.84971E-06 0.0039
  8.16129E-06 0.0025  7.61696E-05 0.0015  5.96554E-05 0.0014  2.32121E-05 0.0016
  2.89520E-05 0.0017  6.24411E-05 0.0015  8.77794E-05 0.0016  3.77527E-05 0.0018
  4.25830E-05 0.0018  4.57717E-05 0.0019  6.25941E-05 0.0019  7.01135E-05 0.0020
  5.39107E-05 0.0022  3.66082E-05 0.0024  2.61386E-05 0.0023  1.92876E-05 0.0024
  2.01649E-05 0.0024  2.21599E-05 0.0028  2.11570E-05 0.0028  3.04750E-05 0.0027
  1.48945E-05 0.0031  3.58746E-05 0.0024  1.92691E-05 0.0030  1.99867E-05 0.0030
  1.43415E-05 0.0030  1.58547E-05 0.0030  1.46064E-05 0.0031  1.42320E-05 0.0030
  1.44612E-05 0.0031  1.29615E-05 0.0032  1.31306E-05 0.0033  1.23168E-05 0.0033
  1.04310E-05 0.0035  1.01334E-05 0.0035  1.00200E-05 0.0035  9.56371E-06 0.0036
  6.44742E-06 0.0043  2.81022E-06 0.0057  1.74796E-06 0.0078  1.59494E-06 0.0076
  5.62170E-06 0.0043  7.23452E-06 0.0038  7.32239E-06 0.0039  6.67093E-06 0.0040
  6.50898E-06 0.0041  5.82522E-06 0.0043  5.57163E-06 0.0045  1.03006E-05 0.0035
  9.15619E-06 0.0037  8.19760E-06 0.0039  3.76180E-06 0.0055  3.61748E-06 0.0056
  3.50496E-06 0.0057  3.45347E-06 0.0058  3.36329E-06 0.0059  3.29923E-06 0.0060
  3.33961E-06 0.0061  2.18254E-06 0.0073  1.08766E-06 0.0099  3.34707E-06 0.0061
  3.41180E-06 0.0061  3.50117E-06 0.0061  3.62891E-06 0.0060  3.70648E-06 0.0060
  3.87087E-06 0.0059  4.00397E-06 0.0058  4.20412E-06 0.0057  4.45021E-06 0.0056
  4.65935E-06 0.0055  4.90329E-06 0.0054  5.18868E-06 0.0052  2.76564E-06 0.0070
  2.79900E-06 0.0070  5.85307E-06 0.0049  3.06106E-06 0.0067  3.17662E-06 0.0066
  3.25780E-06 0.0065  3.37114E-06 0.0064  7.06243E-06 0.0046  7.61785E-06 0.0045
  3.99906E-06 0.0062  4.15566E-06 0.0061  2.21354E-05 0.0027  3.32980E-03 0.0008
tfc   17       1       1       1       1       1       1     176       1
     128000  3.32724E-03  3.07038E-03  4.30242E+05
     256000  3.32133E-03  2.16955E-03  4.31844E+05
     384000  3.32205E-03  1.76964E-03  4.32893E+05
     512000  3.32452E-03  1.53105E-03  4.33833E+05
     640000  3.32627E-03  1.36807E-03  4.34528E+05
     768000  3.32666E-03  1.24946E-03  4.33422E+05
     896000  3.32884E-03  1.15611E-03  4.33913E+05
    1024000  3.32855E-03  1.08151E-03  4.34013E+05
    1152000  3.32999E-03  1.01968E-03  4.33846E+05
    1280000  3.32888E-03  9.67020E-04  4.34277E+05
    1408000  3.32979E-03  9.21928E-04  4.34355E+05
    1536000  3.32968E-03  8.82810E-04  4.34289E+05
    1664000  3.33015E-03  8.48026E-04  4.34461E+05
    1792000  3.32855E-03  8.17144E-04  4.34696E+05
    1920000  3.33034E-03  7.89136E-04  4.34879E+05
    2048000  3.33017E-03  7.64196E-04  4.34812E+05
    2109249  3.32980E-03  7.53007E-04  4.34894E+05
tally   14    1    0
     Tally of the total xs reaction                                             
f        1
      1
d        1
u        0
s        0
m        1
c        0
et     176
  1.00001E-07  4.13994E-07  5.31579E-07  6.82560E-07  8.76425E-07  1.12300E-06
  1.44000E-06  1.85539E-06  2.38237E-06  3.05902E-06  3.92786E-06  5.04348E-06
  6.47595E-06  8.31529E-06  1.06770E-05  1.37096E-05  1.76035E-05  2.26033E-05
  2.90232E-05  3.72665E-05  4.78512E-05  6.14421E-05  7.88932E-05  1.01301E-04
  1.30073E-04  1.67017E-04  2.14454E-04  2.75364E-04  3.53575E-04  4.53999E-04
  5.82947E-04  7.48518E-04  9.61117E-04  1.23410E-03  1.58461E-03  2.03468E-03
  2.24867E-03  2.48517E-03  2.61259E-03  2.74654E-03  3.03539E-03  3.35463E-03
  3.70744E-03  4.30742E-03  5.53084E-03  7.10174E-03  9.11882E-03  1.05946E-02
  1.17088E-02  1.50344E-02  1.93045E-02  2.18749E-02  2.35786E-02  2.41755E-02
  2.47875E-02  2.60584E-02  2.70001E-02  2.85011E-02  3.18278E-02  3.43067E-02
  4.08677E-02  4.63092E-02  5.24752E-02  5.65622E-02  6.73795E-02  7.20245E-02
  7.94987E-02  8.25034E-02  8.65170E-02  9.80365E-02  1.11090E-01  1.16786E-01
  1.22773E-01  1.29068E-01  1.35686E-01  1.42642E-01  1.49956E-01  1.57644E-01
  1.65727E-01  1.74224E-01  1.83156E-01  1.92547E-01  2.02419E-01  2.12797E-01
  2.23708E-01  2.35177E-01  2.47235E-01  2.73237E-01  2.87246E-01  2.94518E-01
  2.97211E-01  2.98491E-01  3.01974E-01  3.33733E-01  3.68832E-01  3.87742E-01
  4.07622E-01  4.50492E-01  4.97871E-01  5.23397E-01  5.50232E-01  5.78443E-01
  6.08101E-01  6.39279E-01  6.72055E-01  7.06512E-01  7.42736E-01  7.80817E-01
  8.20850E-01  8.62936E-01  9.07180E-01  9.61672E-01  1.00259E+00  1.10803E+00
  1.16484E+00  1.22456E+00  1.28735E+00  1.35335E+00  1.42274E+00  1.49569E+00
  1.57237E+00  1.65299E+00  1.73774E+00  1.82684E+00  1.92050E+00  2.01897E+00
  2.12248E+00  2.23130E+00  2.30693E+00  2.34570E+00  2.36533E+00  2.38513E+00
  2.46597E+00  2.59240E+00  2.72532E+00  2.86505E+00  3.01194E+00  3.16637E+00
  3.32871E+00  3.67879E+00  4.06570E+00  4.49329E+00  4.72367E+00  4.96585E+00
  5.22046E+00  5.48812E+00  5.76950E+00  6.06531E+00  6.37628E+00  6.59241E+00
  6.70320E+00  7.04688E+00  7.40818E+00  7.78801E+00  8.18731E+00  8.60708E+00
  9.04837E+00  9.51229E+00  1.00000E+01  1.05127E+01  1.10517E+01  1.16183E+01
  1.22140E+01  1.25232E+01  1.28403E+01  1.34986E+01  1.38403E+01  1.41907E+01
  1.45499E+01  1.49182E+01  1.56831E+01  1.64872E+01  1.69046E+01  1.73325E+01
  1.96403E+01
t        0
vals
  0.00000E+00 0.0000  1.05727E-33 0.7302  1.24196E-33 0.6333  2.28678E-33 0.4226
  3.55448E-33 0.3027  6.22453E-33 0.2307  9.06812E-33 0.1980  1.20364E-32 0.1603
  2.17966E-32 0.1303  2.89128E-32 0.1146  3.62109E-32 0.1031  4.64684E-32 0.0882
  5.45477E-32 0.0815  6.51216E-32 0.0761  7.91316E-32 0.0702  8.81540E-32 0.0642
  1.05089E-31 0.0605  1.23340E-31 0.0553  1.37596E-31 0.0539  1.56331E-31 0.0520
  1.66814E-31 0.0506  1.82763E-31 0.0492  1.96287E-31 0.0482  2.11182E-31 0.0470
  2.26740E-31 0.0455  2.42574E-31 0.0438  2.51955E-31 0.0434  3.85011E-31 0.0371
  4.47232E-31 0.0358  9.05575E-31 0.0292  9.70159E-31 0.0288  1.02898E-30 0.0280
  1.07040E-30 0.0276  1.12107E-30 0.0273  1.14941E-30 0.0268  1.18960E-30 0.0267
  4.78145E-31 0.0298  4.87593E-31 0.0294  2.41562E-31 0.0351  2.50594E-31 0.0345
  4.97795E-31 0.0295  5.00426E-31 0.0297  4.86982E-31 0.0293  7.03328E-31 0.0277
  1.06872E-30 0.0266  9.21242E-31 0.0277  6.83064E-31 0.0241  4.02477E-30 0.0113
  3.12868E-30 0.0122  7.11073E-30 0.0112  6.13160E-30 0.0118  2.67256E-30 0.0134
  1.43189E-30 0.0155  4.47095E-31 0.0226  4.25530E-31 0.0232  7.66774E-31 0.0183
  4.90830E-31 0.0213  6.36886E-31 0.0175  2.02090E-30 0.0066  2.69712E-29 0.0022
  1.95837E-28 0.0018  1.46182E-28 0.0019  1.42215E-28 0.0019  8.57808E-29 0.0021
  1.95297E-28 0.0017  8.85772E-29 0.0020  1.24813E-28 0.0018  5.09334E-29 0.0020
  8.33470E-29 0.0016  3.16009E-28 0.0012  3.14375E-28 0.0013  1.37634E-28 0.0015
  1.20162E-28 0.0015  1.42852E-28 0.0015  1.35408E-28 0.0015  1.11101E-28 0.0016
  1.13330E-28 0.0016  1.20246E-28 0.0016  1.28554E-28 0.0016  1.22574E-28 0.0016
  1.26783E-28 0.0016  1.19552E-28 0.0016  1.23618E-28 0.0016  1.34405E-28 0.0016
  1.18221E-28 0.0016  1.27681E-28 0.0014  1.68494E-28 0.0014  3.20480E-28 0.0012
  1.61410E-28 0.0014  8.67952E-29 0.0018  3.53530E-29 0.0027  1.60345E-29 0.0039
  4.05460E-29 0.0025  2.91690E-28 0.0012  2.77160E-28 0.0012  1.20589E-28 0.0016
  1.24746E-28 0.0016  2.51147E-28 0.0014  2.33872E-28 0.0014  1.20598E-28 0.0017
  1.11089E-28 0.0018  1.13841E-28 0.0018  1.19734E-28 0.0018  1.02859E-28 0.0019
  7.50394E-29 0.0020  7.45482E-29 0.0021  7.00524E-29 0.0022  7.12022E-29 0.0023
  6.98422E-29 0.0024  5.03202E-29 0.0027  5.08268E-29 0.0027  4.85780E-29 0.0026
  3.77585E-29 0.0029  8.33688E-29 0.0023  3.90805E-29 0.0029  3.76955E-29 0.0028
  3.96719E-29 0.0029  4.26398E-29 0.0029  3.48060E-29 0.0030  4.12777E-29 0.0030
  4.16429E-29 0.0030  3.59402E-29 0.0032  3.37140E-29 0.0032  3.08196E-29 0.0032
  2.83661E-29 0.0034  3.13479E-29 0.0034  3.24928E-29 0.0035  2.91702E-29 0.0036
  1.74677E-29 0.0043  9.38728E-30 0.0057  4.30250E-30 0.0077  4.60998E-30 0.0075
  1.90081E-29 0.0043  2.69137E-29 0.0038  2.38615E-29 0.0039  2.22980E-29 0.0040
  2.10515E-29 0.0041  2.04513E-29 0.0043  1.87260E-29 0.0045  3.48942E-29 0.0035
  3.27444E-29 0.0037  2.99626E-29 0.0039  1.40641E-29 0.0055  1.34195E-29 0.0056
  1.28721E-29 0.0057  1.27610E-29 0.0058  1.23572E-29 0.0059  1.21079E-29 0.0060
  1.20875E-29 0.0061  8.00142E-30 0.0073  3.96031E-30 0.0099  1.20211E-29 0.0061
  1.21696E-29 0.0061  1.22691E-29 0.0061  1.24715E-29 0.0060  1.25343E-29 0.0060
  1.26136E-29 0.0059  1.29430E-29 0.0058  1.32955E-29 0.0057  1.37478E-29 0.0056
  1.40524E-29 0.0055  1.43871E-29 0.0054  1.47092E-29 0.0052  7.62331E-30 0.0070
  7.62921E-30 0.0070  1.57081E-29 0.0049  8.05416E-30 0.0067  8.24510E-30 0.0066
  8.32559E-30 0.0065  8.49363E-30 0.0064  1.74297E-29 0.0046  1.82833E-29 0.0045
  9.39723E-30 0.0062  9.64633E-30 0.0061  5.04619E-29 0.0027  8.23925E-27 0.0007
tfc   17       1       1       1       1       1       1     176       1
     128000  8.23085E-27  2.94073E-03  4.69017E+05
     256000  8.21879E-27  2.07699E-03  4.71194E+05
     384000  8.22322E-27  1.69414E-03  4.72341E+05
     512000  8.22640E-27  1.46606E-03  4.73151E+05
     640000  8.23189E-27  1.30996E-03  4.73933E+05
     768000  8.23327E-27  1.19630E-03  4.72802E+05
     896000  8.23644E-27  1.10690E-03  4.73351E+05
    1024000  8.23501E-27  1.03542E-03  4.73509E+05
    1152000  8.23943E-27  9.76235E-04  4.73315E+05
    1280000  8.23780E-27  9.25914E-04  4.73692E+05
    1408000  8.23936E-27  8.82877E-04  4.73629E+05
    1536000  8.23908E-27  8.45319E-04  4.73666E+05
    1664000  8.23996E-27  8.12009E-04  4.73857E+05
    1792000  8.23661E-27  7.82420E-04  4.74137E+05
    1920000  8.24110E-27  7.55564E-04  4.74383E+05
    2048000  8.24023E-27  7.31685E-04  4.74312E+05
    2109249  8.23925E-27  7.20959E-04  4.74418E+05
