mcnp       5     05/09/13 00:09:45     2     1207327      535776012
 Run-script for NE506 project - Matthew Klebenow                                
ntal     2
    4   14
tally    4    1    0
     Tally of the flux reported in VITAMIN-J 175Gp structure                    
f        1
      1
d        1
u        0
s        0
m        0
c        0
et     176
  1.00001E-07  4.13994E-07  5.31579E-07  6.82560E-07  8.76425E-07  1.12300E-06
  1.44000E-06  1.85539E-06  2.38237E-06  3.05902E-06  3.92786E-06  5.04348E-06
  6.47595E-06  8.31529E-06  1.06770E-05  1.37096E-05  1.76035E-05  2.26033E-05
  2.90232E-05  3.72665E-05  4.78512E-05  6.14421E-05  7.88932E-05  1.01301E-04
  1.30073E-04  1.67017E-04  2.14454E-04  2.75364E-04  3.53575E-04  4.53999E-04
  5.82947E-04  7.48518E-04  9.61117E-04  1.23410E-03  1.58461E-03  2.03468E-03
  2.24867E-03  2.48517E-03  2.61259E-03  2.74654E-03  3.03539E-03  3.35463E-03
  3.70744E-03  4.30742E-03  5.53084E-03  7.10174E-03  9.11882E-03  1.05946E-02
  1.17088E-02  1.50344E-02  1.93045E-02  2.18749E-02  2.35786E-02  2.41755E-02
  2.47875E-02  2.60584E-02  2.70001E-02  2.85011E-02  3.18278E-02  3.43067E-02
  4.08677E-02  4.63092E-02  5.24752E-02  5.65622E-02  6.73795E-02  7.20245E-02
  7.94987E-02  8.25034E-02  8.65170E-02  9.80365E-02  1.11090E-01  1.16786E-01
  1.22773E-01  1.29068E-01  1.35686E-01  1.42642E-01  1.49956E-01  1.57644E-01
  1.65727E-01  1.74224E-01  1.83156E-01  1.92547E-01  2.02419E-01  2.12797E-01
  2.23708E-01  2.35177E-01  2.47235E-01  2.73237E-01  2.87246E-01  2.94518E-01
  2.97211E-01  2.98491E-01  3.01974E-01  3.33733E-01  3.68832E-01  3.87742E-01
  4.07622E-01  4.50492E-01  4.97871E-01  5.23397E-01  5.50232E-01  5.78443E-01
  6.08101E-01  6.39279E-01  6.72055E-01  7.06512E-01  7.42736E-01  7.80817E-01
  8.20850E-01  8.62936E-01  9.07180E-01  9.61672E-01  1.00259E+00  1.10803E+00
  1.16484E+00  1.22456E+00  1.28735E+00  1.35335E+00  1.42274E+00  1.49569E+00
  1.57237E+00  1.65299E+00  1.73774E+00  1.82684E+00  1.92050E+00  2.01897E+00
  2.12248E+00  2.23130E+00  2.30693E+00  2.34570E+00  2.36533E+00  2.38513E+00
  2.46597E+00  2.59240E+00  2.72532E+00  2.86505E+00  3.01194E+00  3.16637E+00
  3.32871E+00  3.67879E+00  4.06570E+00  4.49329E+00  4.72367E+00  4.96585E+00
  5.22046E+00  5.48812E+00  5.76950E+00  6.06531E+00  6.37628E+00  6.59241E+00
  6.70320E+00  7.04688E+00  7.40818E+00  7.78801E+00  8.18731E+00  8.60708E+00
  9.04837E+00  9.51229E+00  1.00000E+01  1.05127E+01  1.10517E+01  1.16183E+01
  1.22140E+01  1.25232E+01  1.28403E+01  1.34986E+01  1.38403E+01  1.41907E+01
  1.45499E+01  1.49182E+01  1.56831E+01  1.64872E+01  1.69046E+01  1.73325E+01
  1.96403E+01
t        0
vals
  0.00000E+00 0.0000  0.00000E+00 0.0000  0.00000E+00 0.0000  0.00000E+00 0.0000
  0.00000E+00 0.0000  0.00000E+00 0.0000  0.00000E+00 0.0000  0.00000E+00 0.0000
  0.00000E+00 0.0000  0.00000E+00 0.0000  0.00000E+00 0.0000  0.00000E+00 0.0000
  0.00000E+00 0.0000  0.00000E+00 0.0000  2.36617E-10 1.0000  7.15355E-10 0.4172
  5.00836E-09 0.1984  2.28467E-08 0.0867  7.97348E-08 0.0475  2.43610E-07 0.0277
  6.65041E-07 0.0165  1.58101E-06 0.0106  3.24754E-06 0.0073  5.73700E-06 0.0052
  8.35017E-06 0.0039  9.59139E-06 0.0032  7.72031E-06 0.0026  3.49458E-06 0.0024
  4.26162E-07 0.0026  1.07518E-06 0.0024  4.28594E-06 0.0023  7.06433E-06 0.0023
  6.74996E-06 0.0023  1.01779E-05 0.0026  1.19734E-05 0.0024  2.95575E-06 0.0024
  2.36113E-07 0.0027  1.31314E-07 0.0026  1.25730E-07 0.0031  2.22193E-07 0.0031
  9.10861E-07 0.0026  1.86684E-06 0.0026  3.28614E-06 0.0026  9.04893E-06 0.0025
  3.81470E-05 0.0023  4.33127E-05 0.0023  6.44014E-06 0.0023  7.83158E-06 0.0025
  1.23138E-05 0.0026  6.70957E-05 0.0022  2.07144E-04 0.0020  1.12786E-05 0.0025
  2.47529E-05 0.0026  1.01735E-06 0.0037  3.64622E-06 0.0035  3.51475E-05 0.0030
  1.78257E-05 0.0050  5.48562E-06 0.0027  7.08365E-05 0.0022  2.64749E-04 0.0020
  3.07236E-05 0.0017  2.96406E-05 0.0017  7.01691E-05 0.0017  2.17595E-04 0.0021
  9.30513E-05 0.0018  2.73367E-05 0.0018  4.61529E-05 0.0019  1.77937E-05 0.0022
  2.51771E-05 0.0023  9.72448E-05 0.0016  5.10570E-05 0.0016  1.54874E-05 0.0020
  2.08346E-05 0.0020  2.46609E-05 0.0020  1.39733E-05 0.0021  2.25512E-05 0.0020
  2.64856E-05 0.0021  3.25509E-05 0.0021  2.49807E-05 0.0021  3.48900E-05 0.0021
  2.82481E-05 0.0021  2.51652E-05 0.0021  2.79300E-05 0.0022  2.76103E-05 0.0022
  2.59651E-05 0.0022  2.59292E-05 0.0022  2.75413E-05 0.0023  5.70997E-05 0.0019
  2.80621E-05 0.0023  1.32077E-05 0.0030  4.70136E-06 0.0048  2.17466E-06 0.0069
  5.95765E-06 0.0043  5.29358E-05 0.0019  5.69941E-05 0.0018  2.78232E-05 0.0022
  2.46753E-05 0.0023  4.48643E-05 0.0019  4.01691E-05 0.0020  2.31689E-05 0.0026
  2.67329E-05 0.0026  3.10725E-05 0.0026  2.35881E-05 0.0026  2.77830E-05 0.0026
  2.38653E-05 0.0026  2.65108E-05 0.0026  2.31058E-05 0.0027  2.53249E-05 0.0027
  2.60914E-05 0.0027  2.63902E-05 0.0027  2.20969E-05 0.0027  2.62734E-05 0.0026
  1.74928E-05 0.0030  4.07665E-05 0.0023  1.80597E-05 0.0030  1.85317E-05 0.0030
  1.62469E-05 0.0031  1.53161E-05 0.0032  1.55116E-05 0.0033  1.41358E-05 0.0034
  1.38638E-05 0.0035  1.27061E-05 0.0036  1.19581E-05 0.0038  1.17940E-05 0.0038
  1.02789E-05 0.0040  1.01649E-05 0.0041  9.26968E-06 0.0042  8.83628E-06 0.0044
  5.57575E-06 0.0054  2.66016E-06 0.0073  1.35259E-06 0.0097  1.29424E-06 0.0099
  4.90026E-06 0.0057  7.26393E-06 0.0049  6.77557E-06 0.0050  6.45259E-06 0.0052
  6.21622E-06 0.0053  6.00865E-06 0.0054  5.64442E-06 0.0056  1.04785E-05 0.0045
  9.48381E-06 0.0047  8.78758E-06 0.0049  4.13087E-06 0.0068  3.96243E-06 0.0069
  3.91422E-06 0.0071  3.95622E-06 0.0071  3.98543E-06 0.0072  3.92344E-06 0.0072
  4.05139E-06 0.0072  2.71505E-06 0.0087  1.34463E-06 0.0117  4.12521E-06 0.0073
  4.24168E-06 0.0073  4.35584E-06 0.0072  4.42888E-06 0.0072  4.50020E-06 0.0072
  4.70894E-06 0.0071  4.83854E-06 0.0070  5.01643E-06 0.0069  5.24767E-06 0.0068
  5.38631E-06 0.0067  5.58030E-06 0.0066  5.78628E-06 0.0065  3.05924E-06 0.0088
  3.08654E-06 0.0088  6.36991E-06 0.0063  3.29633E-06 0.0086  3.38296E-06 0.0085
  3.48944E-06 0.0084  3.61629E-06 0.0082  7.53610E-06 0.0059  7.84491E-06 0.0058
  4.06656E-06 0.0079  4.19340E-06 0.0078  2.16088E-05 0.0036  3.20929E-03 0.0009
tfc   19       1       1       1       1       1       1     176       1
      64000  3.18381E-03  4.11641E-03  2.77309E+05
     128000  3.20737E-03  2.90685E-03  2.76278E+05
     192000  3.20742E-03  2.37562E-03  2.75641E+05
     256000  3.21072E-03  2.05459E-03  2.76446E+05
     320000  3.21135E-03  1.83709E-03  2.76714E+05
     384000  3.21156E-03  1.67685E-03  2.76759E+05
     448000  3.20828E-03  1.55258E-03  2.77091E+05
     512000  3.20876E-03  1.45235E-03  2.76980E+05
     576000  3.20917E-03  1.36924E-03  2.76981E+05
     640000  3.21059E-03  1.29832E-03  2.77168E+05
     704000  3.21045E-03  1.23843E-03  2.76973E+05
     768000  3.20848E-03  1.18588E-03  2.77092E+05
     832000  3.21014E-03  1.13893E-03  2.77145E+05
     896000  3.20874E-03  1.09779E-03  2.77144E+05
     960000  3.20910E-03  1.06071E-03  2.77009E+05
    1024000  3.20839E-03  1.02750E-03  2.76803E+05
    1088000  3.20878E-03  9.96816E-04  2.76790E+05
    1152000  3.20913E-03  9.68642E-04  2.76832E+05
    1207327  3.20929E-03  9.46037E-04  2.76880E+05
tally   14    1    0
     Tally of the total xs reaction                                             
f        1
      1
d        1
u        0
s        0
m        1
c        0
et     176
  1.00001E-07  4.13994E-07  5.31579E-07  6.82560E-07  8.76425E-07  1.12300E-06
  1.44000E-06  1.85539E-06  2.38237E-06  3.05902E-06  3.92786E-06  5.04348E-06
  6.47595E-06  8.31529E-06  1.06770E-05  1.37096E-05  1.76035E-05  2.26033E-05
  2.90232E-05  3.72665E-05  4.78512E-05  6.14421E-05  7.88932E-05  1.01301E-04
  1.30073E-04  1.67017E-04  2.14454E-04  2.75364E-04  3.53575E-04  4.53999E-04
  5.82947E-04  7.48518E-04  9.61117E-04  1.23410E-03  1.58461E-03  2.03468E-03
  2.24867E-03  2.48517E-03  2.61259E-03  2.74654E-03  3.03539E-03  3.35463E-03
  3.70744E-03  4.30742E-03  5.53084E-03  7.10174E-03  9.11882E-03  1.05946E-02
  1.17088E-02  1.50344E-02  1.93045E-02  2.18749E-02  2.35786E-02  2.41755E-02
  2.47875E-02  2.60584E-02  2.70001E-02  2.85011E-02  3.18278E-02  3.43067E-02
  4.08677E-02  4.63092E-02  5.24752E-02  5.65622E-02  6.73795E-02  7.20245E-02
  7.94987E-02  8.25034E-02  8.65170E-02  9.80365E-02  1.11090E-01  1.16786E-01
  1.22773E-01  1.29068E-01  1.35686E-01  1.42642E-01  1.49956E-01  1.57644E-01
  1.65727E-01  1.74224E-01  1.83156E-01  1.92547E-01  2.02419E-01  2.12797E-01
  2.23708E-01  2.35177E-01  2.47235E-01  2.73237E-01  2.87246E-01  2.94518E-01
  2.97211E-01  2.98491E-01  3.01974E-01  3.33733E-01  3.68832E-01  3.87742E-01
  4.07622E-01  4.50492E-01  4.97871E-01  5.23397E-01  5.50232E-01  5.78443E-01
  6.08101E-01  6.39279E-01  6.72055E-01  7.06512E-01  7.42736E-01  7.80817E-01
  8.20850E-01  8.62936E-01  9.07180E-01  9.61672E-01  1.00259E+00  1.10803E+00
  1.16484E+00  1.22456E+00  1.28735E+00  1.35335E+00  1.42274E+00  1.49569E+00
  1.57237E+00  1.65299E+00  1.73774E+00  1.82684E+00  1.92050E+00  2.01897E+00
  2.12248E+00  2.23130E+00  2.30693E+00  2.34570E+00  2.36533E+00  2.38513E+00
  2.46597E+00  2.59240E+00  2.72532E+00  2.86505E+00  3.01194E+00  3.16637E+00
  3.32871E+00  3.67879E+00  4.06570E+00  4.49329E+00  4.72367E+00  4.96585E+00
  5.22046E+00  5.48812E+00  5.76950E+00  6.06531E+00  6.37628E+00  6.59241E+00
  6.70320E+00  7.04688E+00  7.40818E+00  7.78801E+00  8.18731E+00  8.60708E+00
  9.04837E+00  9.51229E+00  1.00000E+01  1.05127E+01  1.10517E+01  1.16183E+01
  1.22140E+01  1.25232E+01  1.28403E+01  1.34986E+01  1.38403E+01  1.41907E+01
  1.45499E+01  1.49182E+01  1.56831E+01  1.64872E+01  1.69046E+01  1.73325E+01
  1.96403E+01
t        0
vals
  0.00000E+00 0.0000  0.00000E+00 0.0000  0.00000E+00 0.0000  0.00000E+00 0.0000
  0.00000E+00 0.0000  0.00000E+00 0.0000  0.00000E+00 0.0000  0.00000E+00 0.0000
  0.00000E+00 0.0000  0.00000E+00 0.0000  0.00000E+00 0.0000  0.00000E+00 0.0000
  0.00000E+00 0.0000  0.00000E+00 0.0000  6.90036E-34 1.0000  2.04578E-33 0.4177
  1.41282E-32 0.1986  6.38646E-32 0.0867  2.22505E-31 0.0475  6.85210E-31 0.0276
  1.91042E-30 0.0165  4.72650E-30 0.0106  1.04016E-29 0.0073  2.06137E-29 0.0052
  3.63325E-29 0.0039  5.76219E-29 0.0032  8.11518E-29 0.0025  1.02817E-28 0.0024
  1.19419E-28 0.0023  1.29925E-28 0.0023  1.37082E-28 0.0023  1.42380E-28 0.0023
  1.46823E-28 0.0023  1.58559E-28 0.0023  1.81841E-28 0.0023  1.90127E-28 0.0023
  7.71831E-29 0.0026  7.68571E-29 0.0026  3.84236E-29 0.0031  3.86197E-29 0.0031
  7.72971E-29 0.0026  7.75400E-29 0.0026  7.75869E-29 0.0026  1.16901E-28 0.0024
  1.99585E-28 0.0023  2.15399E-28 0.0022  2.24255E-28 0.0022  1.35865E-28 0.0024
  9.09205E-29 0.0025  2.32837E-28 0.0022  2.75881E-28 0.0020  1.64288E-28 0.0021
  9.82464E-29 0.0023  3.34445E-29 0.0034  3.34100E-29 0.0034  6.69699E-29 0.0025
  4.96058E-29 0.0029  7.68776E-29 0.0025  1.58270E-28 0.0020  1.29114E-28 0.0018
  3.77345E-28 0.0016  2.67388E-28 0.0017  2.67499E-28 0.0017  1.56651E-28 0.0017
  4.75137E-28 0.0014  1.82600E-28 0.0017  2.69132E-28 0.0015  1.00543E-28 0.0021
  1.28437E-28 0.0019  3.35483E-28 0.0015  3.39052E-28 0.0015  1.32082E-28 0.0019
  1.29230E-28 0.0019  1.27054E-28 0.0020  1.24194E-28 0.0020  1.20977E-28 0.0020
  1.18159E-28 0.0020  1.16048E-28 0.0021  1.15351E-28 0.0021  1.13046E-28 0.0021
  1.12739E-28 0.0021  1.11429E-28 0.0021  1.09101E-28 0.0021  1.07396E-28 0.0022
  1.05367E-28 0.0022  1.02211E-28 0.0022  1.00094E-28 0.0023  1.95968E-28 0.0019
  9.74867E-29 0.0023  4.87339E-29 0.0030  1.78259E-29 0.0048  8.32765E-30 0.0069
  2.27363E-29 0.0043  1.93755E-28 0.0019  2.00200E-28 0.0018  1.03182E-28 0.0022
  1.01548E-28 0.0023  1.87498E-28 0.0019  1.67375E-28 0.0020  7.68153E-29 0.0026
  7.86825E-29 0.0026  8.03686E-29 0.0025  8.26762E-29 0.0025  8.47548E-29 0.0025
  8.04030E-29 0.0026  7.80596E-29 0.0026  7.50825E-29 0.0027  7.45639E-29 0.0027
  7.50024E-29 0.0027  7.53236E-29 0.0027  7.41514E-29 0.0027  8.29114E-29 0.0026
  5.72513E-29 0.0030  1.29160E-28 0.0023  6.24228E-29 0.0030  6.08851E-29 0.0030
  5.84501E-29 0.0031  5.43666E-29 0.0032  5.08989E-29 0.0033  4.85685E-29 0.0034
  4.62446E-29 0.0035  4.43368E-29 0.0036  4.10185E-29 0.0037  3.98968E-29 0.0038
  3.79284E-29 0.0040  3.50989E-29 0.0041  3.32972E-29 0.0042  3.09652E-29 0.0044
  1.96609E-29 0.0053  9.68610E-30 0.0073  4.80868E-30 0.0097  4.69988E-30 0.0099
  1.81537E-29 0.0057  2.60859E-29 0.0049  2.48704E-29 0.0050  2.38011E-29 0.0052
  2.25332E-29 0.0053  2.22265E-29 0.0054  2.11896E-29 0.0056  3.93555E-29 0.0045
  3.54361E-29 0.0047  3.26844E-29 0.0049  1.53518E-29 0.0068  1.46935E-29 0.0069
  1.44706E-29 0.0071  1.45054E-29 0.0071  1.44979E-29 0.0072  1.41777E-29 0.0072
  1.45365E-29 0.0072  9.67797E-30 0.0087  4.76564E-30 0.0117  1.44934E-29 0.0073
  1.46833E-29 0.0073  1.48421E-29 0.0072  1.48538E-29 0.0072  1.47959E-29 0.0072
  1.53110E-29 0.0071  1.54369E-29 0.0070  1.55586E-29 0.0069  1.58667E-29 0.0068
  1.58686E-29 0.0067  1.59894E-29 0.0066  1.61464E-29 0.0065  8.36862E-30 0.0088
  8.32873E-30 0.0088  1.68390E-29 0.0063  8.55527E-30 0.0086  8.67992E-30 0.0085
  8.85020E-30 0.0084  9.08931E-30 0.0082  1.85771E-29 0.0059  1.89837E-29 0.0058
  9.72842E-30 0.0079  9.96306E-30 0.0078  5.01158E-29 0.0036  1.30079E-26 0.0010
tfc   19       1       1       1       1       1       1     176       1
      64000  1.29076E-26  4.57205E-03  2.24792E+05
     128000  1.30163E-26  3.22520E-03  2.24428E+05
     192000  1.30193E-26  2.63573E-03  2.23921E+05
     256000  1.30213E-26  2.27910E-03  2.24664E+05
     320000  1.30205E-26  2.03787E-03  2.24873E+05
     384000  1.30220E-26  1.86062E-03  2.24791E+05
     448000  1.30043E-26  1.72290E-03  2.25015E+05
     512000  1.30074E-26  1.61144E-03  2.24987E+05
     576000  1.30087E-26  1.51946E-03  2.24922E+05
     640000  1.30156E-26  1.44070E-03  2.25090E+05
     704000  1.30142E-26  1.37423E-03  2.24935E+05
     768000  1.30048E-26  1.31595E-03  2.25023E+05
     832000  1.30125E-26  1.26389E-03  2.25052E+05
     896000  1.30059E-26  1.21821E-03  2.25058E+05
     960000  1.30085E-26  1.17712E-03  2.24928E+05
    1024000  1.30047E-26  1.14032E-03  2.24742E+05
    1088000  1.30057E-26  1.10622E-03  2.24749E+05
    1152000  1.30057E-26  1.07491E-03  2.24800E+05
    1207327  1.30079E-26  1.04985E-03  2.24830E+05
