         1         1         1        16                     05/02/13 16:11:44 
         1
   6.0000       10.000       4.0000       0.0000      -1.0000       0.0000    
   2.0000       3.0000       2.0000       0.0000       2000.0       0.0000    
   200.00      -1.0000       0.0000       2.0000    
   0.0000       4.0000       100.00       1.0000       2.0000       200.00    
   1.0000    
   0.0000       4.0000       180.00       1.0000       2.0000       1990.0    
   1.0000       4.0000       2001.0       1.0000    
   0.0000       2.0000      0.50000       1.0000       2.0000       1.0000    
   1.0000    
   100.00    
  0.50000      0.20922      0.53118       300.04       0.0000       0.0000    
  0.27346E-01  0.16875E-01  0.38499E-01  0.36486E-01   0.0000       0.0000    
  0.90120E-03  0.87310E-03  0.94748E-03  0.12210E-02   0.0000       0.0000    
  0.24333E-04  0.28288E-04  0.23285E-04  0.26886E-04   0.0000       0.0000    
  0.27424E-05  0.26157E-05  0.23237E-05  0.63052E-05   0.0000       0.0000    
   3.0019       9.8358       13.328       29.002       0.0000       0.0000    
   0.0000       0.0000       0.0000       3.9944       0.0000       0.0000    
   0.0000       0.0000       0.0000       3.9858       0.0000       0.0000    
   0.0000       0.0000       0.0000       3.9637       0.0000       0.0000    
   0.0000       0.0000       0.0000       3.8557       0.0000       0.0000    
  0.56686      0.37254       1.8141       9.0018       0.0000       0.0000    
  0.17573E-01  0.20468E-01  0.33188E-01  0.92436E-01   0.0000       0.0000    
  0.91229E-03  0.85462E-03  0.11294E-02  0.21516E-02   0.0000       0.0000    
  0.27232E-04  0.27408E-04  0.30010E-04  0.32016E-04   0.0000       0.0000    
  0.30829E-05  0.26193E-05  0.31097E-05  0.67398E-05   0.0000       0.0000    
  0.83778E-01  0.16975       0.0000       0.0000       0.0000       0.0000    
  0.35412      0.48554       0.0000       0.0000       0.0000       0.0000    
  0.35408      0.48037       0.0000       0.0000       0.0000       0.0000    
  0.35394      0.48202       0.0000       0.0000       0.0000       0.0000    
  0.35057      0.49907       0.0000       0.0000       0.0000       0.0000    
  0.47638      0.17354      0.76555E-01  0.30754       0.0000       0.0000    
  0.25796E-01  0.21704E-01  0.19452E-01  0.39324E-01   0.0000       0.0000    
  0.94984E-03  0.81770E-03  0.10310E-02  0.13646E-02   0.0000       0.0000    
  0.24163E-04  0.25373E-04  0.31731E-04  0.34137E-04   0.0000       0.0000    
  0.33091E-05  0.25348E-05  0.33280E-05  0.78173E-05   0.0000       0.0000    
   0.0000      0.17535      0.45883       0.0000       0.0000       0.0000    
   0.0000       4.6468      0.46242E-01   0.0000       0.0000       0.0000    
   0.0000       4.6468      0.46067E-01   0.0000       0.0000       0.0000    
   0.0000       4.6380      0.46115E-01   0.0000       0.0000       0.0000    
   0.0000       4.6253      0.46203E-01   0.0000       0.0000       0.0000    
  0.46881      0.20190      0.28601      0.10443       0.0000       0.0000    
  0.21389E-01  0.16784E-01  0.14501E-01  0.28121E-01   0.0000       0.0000    
  0.11011E-02  0.81125E-03  0.10314E-02  0.24471E-02   0.0000       0.0000    
  0.23498E-04  0.28682E-04  0.25123E-04  0.31955E-04   0.0000       0.0000    
  0.29584E-05  0.26317E-05  0.35097E-05  0.64087E-05   0.0000       0.0000    
  0.25233      0.48392       46.597       256.37       0.0000       0.0000    
   0.0000      0.47573E-01   5.7282       25.394       0.0000       0.0000    
   0.0000      0.47054E-01   5.7268       25.382       0.0000       0.0000    
   0.0000      0.47354E-01   5.7014       25.371       0.0000       0.0000    
   0.0000      0.46972E-01   5.6840       25.359       0.0000       0.0000    
