         1         1         1        16                     05/02/13 15:40:15 
         1
   6.0000       10.000       4.0000       0.0000      -1.0000       0.0000    
   2.0000       3.0000       2.0000       0.0000       2000.0       0.0000    
   200.00      -1.0000       0.0000       2.0000    
   0.0000       4.0000       100.00       1.0000       2.0000       200.00    
   1.0000    
   0.0000       4.0000       180.00       1.0000       2.0000       1990.0    
   1.0000       4.0000       2001.0       1.0000    
   0.0000       2.0000      0.50000       1.0000       2.0000       1.0000    
   1.0000    
   100.00    
  0.50000      0.13723       39.576       163.30       0.0000       0.0000    
  0.30685      0.20319E-01   1.3773       2.8148       0.0000       0.0000    
  0.42676E-01  0.12536E-01  0.24634E-01  0.23938E-01   0.0000       0.0000    
  0.17832E-02  0.10720E-02  0.13900E-02  0.69591E-03   0.0000       0.0000    
  0.13534E-05  0.89990E-06  0.11355E-05  0.18242E-05   0.0000       0.0000    
   12.186       90.266       0.0000       0.0000       0.0000       0.0000    
   0.0000       178.41       0.0000       0.0000       0.0000       0.0000    
   0.0000       178.40       0.0000       0.0000       0.0000       0.0000    
   0.0000       178.45       0.0000       0.0000       0.0000       0.0000    
   0.0000       178.45       0.0000       0.0000       0.0000       0.0000    
   1.5015       7.0587       28.639       494.55       0.0000       0.0000    
  0.43930E-01  0.42065E-01   3.2026       10.793       0.0000       0.0000    
  0.18631E-01  0.17048E-02  0.66126E-01   1.2499       0.0000       0.0000    
  0.72548E-02  0.19804E-03  0.52001E-04  0.94467E-04   0.0000       0.0000    
  0.11360E-05  0.12117E-05  0.73254E-06  0.61888E-04   0.0000       0.0000    
   0.0000       1822.9       2101.3       0.0000       0.0000       0.0000    
   0.0000       8.5681       0.0000       0.0000       0.0000       0.0000    
   0.0000       8.5590       0.0000       0.0000       0.0000       0.0000    
   0.0000       8.5619       0.0000       0.0000       0.0000       0.0000    
   0.0000       8.5313       0.0000       0.0000       0.0000       0.0000    
   1.2072      0.90391       5.9189       17.096       0.0000       0.0000    
  0.36366      0.13925       1.0880       7.0813       0.0000       0.0000    
  0.13265E-01  0.60678E-02  0.39716E-01  0.24959E-01   0.0000       0.0000    
  0.28276E-02  0.11411E-02  0.68355E-04  0.13739E-02   0.0000       0.0000    
  0.37282E-05  0.16791E-05  0.18095E-05  0.47040E-05   0.0000       0.0000    
   2.1879       4.7007       5.0457       61.918       0.0000       0.0000    
   0.0000       1.3438       0.0000       4.2431       0.0000       0.0000    
   0.0000       1.3419       0.0000       4.2470       0.0000       0.0000    
   0.0000       1.3417       0.0000       3.8771       0.0000       0.0000    
   0.0000       1.7978       0.0000       3.8957       0.0000       0.0000    
   1.0572       6.7034       34.999       290.73       0.0000       0.0000    
  0.34054E-01  0.13256E-01   1.5440       25.883       0.0000       0.0000    
  0.22270E-01  0.36155E-03  0.22352E-03  0.31653       0.0000       0.0000    
  0.93832E-03  0.53516E-04  0.83855E-06  0.21384E-02   0.0000       0.0000    
  0.23037E-05  0.75430E-06  0.70902E-06  0.11597E-05   0.0000       0.0000    
   15.438       53.539       13.142       59.459       0.0000       0.0000    
   0.0000       0.0000       8.0971       4.2261       0.0000       0.0000    
   0.0000       0.0000       8.0863       4.2142       0.0000       0.0000    
   0.0000       0.0000       8.1565       4.2139       0.0000       0.0000    
   0.0000       0.0000       8.1336       4.2105       0.0000       0.0000    
