         1         1         1        16                     05/02/13 15:47:05 
         1
   6.0000       10.000       4.0000       0.0000      -1.0000       0.0000    
   2.0000       3.0000       2.0000       0.0000       2000.0       0.0000    
   200.00      -1.0000       0.0000       2.0000    
   0.0000       4.0000       100.00       1.0000       2.0000       200.00    
   1.0000    
   0.0000       4.0000       180.00       1.0000       2.0000       1990.0    
   1.0000       4.0000       2001.0       1.0000    
   0.0000       2.0000      0.50000       1.0000       2.0000       1.0000    
   1.0000    
   100.00    
  0.50000      0.97725E-01   6.7101      0.26494E+08   0.0000       0.0000    
  0.17870E-01  0.19432E-01  0.20351      0.76017E+07   0.0000       0.0000    
  0.13680E-02  0.61480E-03  0.58299E-03  0.37086E-01   0.0000       0.0000    
  0.39520E-04  0.62329E-04  0.29203E-04  0.16198E-04   0.0000       0.0000    
  0.93640E-05  0.29808E-05  0.10090E-05  0.41341E-05   0.0000       0.0000    
   0.0000       50.278       119.23       566.12       0.0000       0.0000    
   0.0000       0.0000       9.1381       221.12       0.0000       0.0000    
   0.0000       0.0000       9.1457       221.15       0.0000       0.0000    
   0.0000       0.0000       9.1487       221.12       0.0000       0.0000    
   0.0000       0.0000       9.1358       221.11       0.0000       0.0000    
  0.76782      0.25918      0.12949E+07   0.0000       0.0000       0.0000    
  0.20429E-01  0.33707E-01   4.0775      0.13225E+08   0.0000       0.0000    
  0.69981E-03  0.10888E-02  0.19876E-02   1.5587       0.0000       0.0000    
  0.19926E-04  0.28280E-04  0.10400E-04  0.10404E-04   0.0000       0.0000    
  0.26201E-05  0.15628E-05  0.28838E-05  0.13270E-04   0.0000       0.0000    
   0.0000       19.361       152.54       0.0000       0.0000       0.0000    
   0.0000       0.0000       0.0000       0.0000       0.0000       0.0000    
   0.0000       0.0000       0.0000       0.0000       0.0000       0.0000    
   0.0000       0.0000       0.0000       0.0000       0.0000       0.0000    
   0.0000       0.0000       0.0000       0.0000       0.0000       0.0000    
  0.24498       1.6447       5.7404       0.0000       0.0000       0.0000    
  0.80723E-02  0.10599E-01  0.19048      0.59193E+07   0.0000       0.0000    
  0.14802E-02  0.30455E-03  0.63957E-02  0.11663       0.0000       0.0000    
  0.20997E-04  0.87347E-05  0.24667E-04  0.34803E-04   0.0000       0.0000    
  0.11966E-04  0.95101E-06  0.95601E-05  0.10580E-03   0.0000       0.0000    
   0.0000       0.0000      0.30553      0.63825       0.0000       0.0000    
   0.0000       0.0000       0.0000      0.60955E-01   0.0000       0.0000    
   0.0000       0.0000       0.0000      0.60959E-01   0.0000       0.0000    
   0.0000       0.0000       0.0000      0.60446E-01   0.0000       0.0000    
   0.0000       0.0000       0.0000      0.61460E-01   0.0000       0.0000    
   2.7486      0.86459       8.1417       0.0000       0.0000       0.0000    
  0.82279E-01  0.45748E-01  0.10236       0.0000       0.0000       0.0000    
  0.44688E-02  0.22550E-02  0.11871E-02  0.34158E-01   0.0000       0.0000    
  0.54777E-04  0.52411E-04  0.27618E-04  0.16789E-04   0.0000       0.0000    
  0.21338E-05  0.25269E-05  0.37401E-05  0.44281E-05   0.0000       0.0000    
   0.0000       0.0000       0.0000       0.0000       0.0000       0.0000    
   0.0000       0.0000       0.0000       0.0000       0.0000       0.0000    
   0.0000       0.0000       0.0000       0.0000       0.0000       0.0000    
   0.0000       0.0000       0.0000       0.0000       0.0000       0.0000    
   0.0000       0.0000       0.0000       0.0000       0.0000       0.0000    
