         1         1         1        16                     05/02/13 15:51:45 
         1
   6.0000       10.000       4.0000       0.0000      -1.0000       0.0000    
   2.0000       3.0000       2.0000       0.0000       2000.0       0.0000    
   200.00      -1.0000       0.0000       2.0000    
   0.0000       4.0000       100.00       1.0000       2.0000       200.00    
   1.0000    
   0.0000       4.0000       180.00       1.0000       2.0000       1990.0    
   1.0000       4.0000       2001.0       1.0000    
   0.0000       2.0000      0.50000       1.0000       2.0000       1.0000    
   1.0000    
   100.00    
  0.50000      0.32644      0.51310       0.0000       0.0000       0.0000    
  0.21690E-01  0.25587E-01  0.98539E-01   0.0000       0.0000       0.0000    
  0.86388E-03  0.69060E-03  0.58456E-03  0.10544E-02   0.0000       0.0000    
  0.27829E-04  0.24332E-04  0.23343E-04  0.20692E-04   0.0000       0.0000    
  0.38313E-05  0.22751E-05  0.35040E-05  0.73993E-05   0.0000       0.0000    
   1.7373       1.5887      0.78172       1.5952       0.0000       0.0000    
   3283.5      0.35388       0.0000      0.29514       0.0000       0.0000    
   3287.6      0.35233       0.0000      0.29439       0.0000       0.0000    
   3300.7      0.35144       0.0000      0.29479       0.0000       0.0000    
   3308.1      0.35177       0.0000      0.29328       0.0000       0.0000    
  0.60367      0.58345       7.2813       0.0000       0.0000       0.0000    
  0.20144E-01  0.48042E-01  0.72401E-01   0.0000       0.0000       0.0000    
  0.86037E-03  0.10093E-02  0.52394E-03  0.90834E-03   0.0000       0.0000    
  0.24643E-04  0.24149E-04  0.21657E-04  0.15260E-04   0.0000       0.0000    
  0.36797E-05  0.30842E-05  0.36417E-05  0.73973E-05   0.0000       0.0000    
   2.0101      0.53087E+11   0.0000       0.0000       0.0000       0.0000    
   0.0000       0.0000       0.0000       0.0000       0.0000       0.0000    
   0.0000       0.0000       0.0000       0.0000       0.0000       0.0000    
   0.0000       0.0000       0.0000       0.0000       0.0000       0.0000    
   0.0000       0.0000       0.0000       0.0000       0.0000       0.0000    
  0.81008      0.37026      0.41451       0.0000       0.0000       0.0000    
  0.21697E-01  0.35621E-01  0.25297E-01  0.11979E+10   0.0000       0.0000    
  0.78953E-03  0.10504E-02  0.95880E-03  0.89129E-03   0.0000       0.0000    
  0.32575E-04  0.28203E-04  0.38866E-04  0.21118E-04   0.0000       0.0000    
  0.41555E-05  0.34107E-05  0.40332E-05  0.62386E-05   0.0000       0.0000    
   0.0000       21.320      0.60437E-02  0.11057E-01   0.0000       0.0000    
   0.0000       0.0000       0.0000      0.15523E-02   0.0000       0.0000    
   0.0000       0.0000       0.0000      0.15561E-02   0.0000       0.0000    
   0.0000       0.0000       0.0000      0.15497E-02   0.0000       0.0000    
   0.0000       0.0000       0.0000      0.15415E-02   0.0000       0.0000    
  0.73392      0.49238       1.7075      0.24586E+08   0.0000       0.0000    
  0.29239E-01  0.33220E-01  0.16670       170.53       0.0000       0.0000    
  0.11600E-02  0.12404E-02  0.12709E-02  0.33025E-02   0.0000       0.0000    
  0.25120E-04  0.33123E-04  0.34754E-04  0.28016E-04   0.0000       0.0000    
  0.52601E-05  0.30164E-05  0.48475E-05  0.13438E-04   0.0000       0.0000    
   14827.      0.29435      0.81783       96.185       0.0000       0.0000    
   0.0000      0.96247       24.734       9.6903       0.0000       0.0000    
   0.0000      0.94807       24.692       9.7121       0.0000       0.0000    
   0.0000      0.94967       25.209       9.6883       0.0000       0.0000    
   0.0000      0.90071       25.283       9.6803       0.0000       0.0000    
