         1         1         1        16                     05/02/13 15:56:41 
         1
   6.0000       10.000       4.0000       0.0000      -1.0000       0.0000    
   2.0000       3.0000       2.0000       0.0000       2000.0       0.0000    
   200.00      -1.0000       0.0000       2.0000    
   0.0000       4.0000       100.00       1.0000       2.0000       200.00    
   1.0000    
   0.0000       4.0000       180.00       1.0000       2.0000       1990.0    
   1.0000       4.0000       2001.0       1.0000    
   0.0000       2.0000      0.50000       1.0000       2.0000       1.0000    
   1.0000    
   100.00    
  0.50000      0.17456       1.4733       3982.8       0.0000       0.0000    
  0.18325E-01  0.20354E-01  0.20718E-01  0.22211       0.0000       0.0000    
  0.94399E-03  0.15232E-02  0.90715E-03  0.21480E-02   0.0000       0.0000    
  0.33216E-04  0.52950E-04  0.61803E-04  0.58738E-04   0.0000       0.0000    
  0.38568E-05  0.30036E-05  0.36212E-05  0.65406E-05   0.0000       0.0000    
   0.0000       45.680       1921.4       2895.3       0.0000       0.0000    
   0.0000       0.0000       206.19       453.17       0.0000       0.0000    
   0.0000       0.0000       204.67       453.07       0.0000       0.0000    
   0.0000       0.0000       203.86       452.21       0.0000       0.0000    
   0.0000       0.0000       204.92       452.73       0.0000       0.0000    
  0.86831      0.48138       1.4919       0.0000       0.0000       0.0000    
  0.23416E-01  0.35701E-01  0.53990E-01  0.30807E-01   0.0000       0.0000    
  0.12356E-02  0.14417E-02  0.11253E-02  0.12818E-02   0.0000       0.0000    
  0.26359E-04  0.30623E-04  0.36593E-04  0.37150E-04   0.0000       0.0000    
  0.26223E-05  0.29507E-05  0.45091E-05  0.11110E-04   0.0000       0.0000    
  0.12557      0.64281      0.11934      0.17538       0.0000       0.0000    
   0.0000      0.66285E-01  0.10177      0.21180E-01   0.0000       0.0000    
   0.0000      0.66072E-01  0.10096      0.21225E-01   0.0000       0.0000    
   0.0000      0.66019E-01  0.10037      0.21114E-01   0.0000       0.0000    
   0.0000      0.66175E-01  0.10040      0.21021E-01   0.0000       0.0000    
  0.54326      0.29865       3.3436      0.39668E+06   0.0000       0.0000    
  0.21033E-01  0.22876E-01  0.36546E-01  0.51459       0.0000       0.0000    
  0.11478E-02  0.11690E-02  0.16159E-02  0.23783E-02   0.0000       0.0000    
  0.26278E-04  0.34424E-04  0.37679E-04  0.62988E-04   0.0000       0.0000    
  0.32822E-05  0.31629E-05  0.36776E-05  0.13460E-04   0.0000       0.0000    
  0.15576       1.7321       3.3460      0.17944E+17   0.0000       0.0000    
   0.0000       2.2441      0.47736      0.22447E+16   0.0000       0.0000    
   0.0000       2.2431      0.47495      0.21355E+16   0.0000       0.0000    
   0.0000       2.2402      0.47572      0.21292E+16   0.0000       0.0000    
   0.0000       2.2076      0.47788      0.21121E+16   0.0000       0.0000    
  0.77837      0.43928       14.646       0.0000       0.0000       0.0000    
  0.24954E-01  0.32130E-01  0.43503E-01   1.8092       0.0000       0.0000    
  0.11533E-02  0.12251E-02  0.11301E-02  0.55526E-02   0.0000       0.0000    
  0.26800E-04  0.34179E-04  0.32309E-04  0.56981E-04   0.0000       0.0000    
  0.33326E-05  0.26438E-05  0.43192E-05  0.14409E-04   0.0000       0.0000    
   0.0000      0.80270E+16   35.308       61.475       0.0000       0.0000    
   0.0000       0.0000       0.0000       6.1610       0.0000       0.0000    
   0.0000       0.0000       0.0000       6.1948       0.0000       0.0000    
   0.0000       0.0000       0.0000       6.1796       0.0000       0.0000    
   0.0000       0.0000       0.0000       6.2326       0.0000       0.0000    
