         1         1         1        16                     05/02/13 16:29:40 
         1
   6.0000       10.000       4.0000       0.0000      -1.0000       0.0000    
   2.0000       3.0000       2.0000       0.0000       2010.0       0.0000    
   200.00      -1.0000       0.0000       2.0000    
   0.0000       4.0000       100.00       1.0000       2.0000       200.00    
   1.0000    
   0.0000       4.0000       180.00       1.0000       2.0000       1999.0    
   1.0000       4.0000       2011.0       1.0000    
   0.0000       2.0000      0.50000       1.0000       2.0000       1.0000    
   1.0000    
   100.00    
  0.50000      0.18075       27.522       243.28       0.0000       0.0000    
  0.23127E-03  0.39493E-01  0.11407       2.8314       0.0000       0.0000    
  0.57214E-05  0.92412E-05  0.11347E-01  0.13413       0.0000       0.0000    
  0.14201E-03  0.50567E-04  0.14413E-03  0.25561E-03   0.0000       0.0000    
  0.26875E-03  0.29781E-05  0.12076E-04  0.37194E-03   0.0000       0.0000    
  0.70411       2.0764       5.8885       93.145       0.0000       0.0000    
   0.0000       12.738       19.138       87.512       0.0000       0.0000    
   0.0000       12.739       19.206       87.455       0.0000       0.0000    
   0.0000       30.359       19.214       87.320       0.0000       0.0000    
   0.0000       60.832       162.11       286.21       0.0000       0.0000    
  0.13879      0.14929       12.216       603.15       0.0000       0.0000    
  0.10929E-01  0.32202E-01  0.25246       14.674       0.0000       0.0000    
  0.63975E-02  0.25654E-02  0.29050E-02  0.77933E-01   0.0000       0.0000    
  0.64049E-04  0.64222E-04  0.12596E-03  0.17755E-04   0.0000       0.0000    
  0.17456E-03  0.17761E-03  0.29272E-03  0.13966E-03   0.0000       0.0000    
  0.38184E-01  0.34567       55.651       51.997       0.0000       0.0000    
  0.39442E-01  0.57018       203.26       56.478       0.0000       0.0000    
  0.65818E-01  0.57003       203.26       56.454       0.0000       0.0000    
  0.65277E-01  0.82498       566.64       51.126       0.0000       0.0000    
  0.58640E-01  0.81201       567.41      0.16394E+28   0.0000       0.0000    
  0.15644      0.63689       2.2653       17.853       0.0000       0.0000    
  0.41788E-02  0.27226E-01  0.15877E-01  0.31107       0.0000       0.0000    
  0.67532E-03  0.90238E-03  0.31943E-03  0.11693E-01   0.0000       0.0000    
  0.53114E-04  0.31640E-04  0.46846E-05  0.11305E-04   0.0000       0.0000    
  0.73956E-03  0.14605E-04  0.72277E-05  0.95356E-05   0.0000       0.0000    
  0.42103       3.7497       5.9934       270.44       0.0000       0.0000    
   0.0000       3.7928       5.4581       19.597       0.0000       0.0000    
   0.0000       19.938       5.4564       23.181       0.0000       0.0000    
   0.0000       19.959       1232.6       31.922       0.0000       0.0000    
   0.0000       0.0000       0.0000       132.46       0.0000       0.0000    
  0.87435E-02   2.8808       11.483       175.08       0.0000       0.0000    
  0.22511E-03  0.39524E-02  0.21903E-02   5.7518       0.0000       0.0000    
  0.40620E-02  0.87995E-05  0.10476E-03  0.44775E-04   0.0000       0.0000    
  0.33591E-05  0.23084E-06  0.47246E-05  0.51919E-06   0.0000       0.0000    
  0.20605E-05  0.95810E-07  0.69090E-05  0.16780E-05   0.0000       0.0000    
  0.49817       4.1187       13.981       12.387       0.0000       0.0000    
  0.17118       10.270       0.0000       8.3905       0.0000       0.0000    
  0.17160       62.039       0.0000       8.4118       0.0000       0.0000    
   0.0000       60.597       0.0000       12.316       0.0000       0.0000    
   0.0000       60.826       0.0000       15.267       0.0000       0.0000    
