         1         1         1        16                     05/02/13 16:33:21 
         1
   6.0000       10.000       4.0000       0.0000      -1.0000       0.0000    
   2.0000       3.0000       2.0000       0.0000       2010.0       0.0000    
   200.00      -1.0000       0.0000       2.0000    
   0.0000       4.0000       100.00       1.0000       2.0000       200.00    
   1.0000    
   0.0000       4.0000       180.00       1.0000       2.0000       1999.0    
   1.0000       4.0000       2011.0       1.0000    
   0.0000       2.0000      0.50000       1.0000       2.0000       1.0000    
   1.0000    
   100.00    
  0.50000      0.37086       0.0000       0.0000       0.0000       0.0000    
  0.22037E-01  0.23436E-01  0.49914E-01  0.12762E-01   0.0000       0.0000    
  0.41478E-03  0.59150E-03  0.73381E-03  0.77349E-01   0.0000       0.0000    
  0.18751E-04  0.14686E-04  0.60292E-04  0.78273E-04   0.0000       0.0000    
  0.40593E-05  0.15516E-05  0.35884E-04  0.61682E-04   0.0000       0.0000    
   0.0000      0.41418E+11  0.10227E+16  0.14098E+19   0.0000       0.0000    
   0.0000       0.0000      0.20448E+15  0.23912E+18   0.0000       0.0000    
   0.0000       0.0000      0.26258E+15  0.34052E+18   0.0000       0.0000    
   0.0000       0.0000      0.25892E+15   0.0000       0.0000       0.0000    
   0.0000       0.0000      0.26353E+15   0.0000       0.0000       0.0000    
  0.58596       35.741       0.0000       0.0000       0.0000       0.0000    
  0.25531E-01   1.1015       89.027       0.0000       0.0000       0.0000    
  0.29079E-02  0.15664E-02  0.49207E-01  0.26606       0.0000       0.0000    
  0.21365E-04  0.68591E-04  0.16946E-03  0.65245E-04   0.0000       0.0000    
  0.61224E-05  0.17004E-05  0.14778E-04  0.21353E-03   0.0000       0.0000    
  0.50399      0.28828E+18   27236.      0.42091E+08   0.0000       0.0000    
   0.0000       0.0000       0.0000      0.56971E+07   0.0000       0.0000    
   0.0000       0.0000       0.0000      0.41817E+07   0.0000       0.0000    
   0.0000       0.0000       0.0000       0.0000       0.0000       0.0000    
   0.0000       0.0000       0.0000       0.0000       0.0000       0.0000    
  0.78295      0.74255       1.2705       0.0000       0.0000       0.0000    
  0.23381E-01  0.22132E-01  0.45283E-01  0.18003       0.0000       0.0000    
  0.78678E-03  0.47412E-02  0.47511E-02  0.68440E-02   0.0000       0.0000    
  0.57905E-04  0.72267E-04  0.22671E-04  0.14577E-04   0.0000       0.0000    
  0.23112E-04  0.48831E-05  0.26412E-05  0.61921E-05   0.0000       0.0000    
  0.50827       14236.       31609.      0.13735E+09   0.0000       0.0000    
  0.52910E-01   1541.4       2730.6      0.92389E+07   0.0000       0.0000    
  0.53988E-01   1628.4       2571.9      0.87009E+07   0.0000       0.0000    
  0.56161E-01   1603.4       2592.1      0.86392E+07   0.0000       0.0000    
  0.53626E-01   1594.7       2554.7       0.0000       0.0000       0.0000    
  0.74089      0.62513       345.96       0.0000       0.0000       0.0000    
  0.38038E-01  0.30789E-01  0.75487E-01   11.117       0.0000       0.0000    
  0.62406E-03  0.11843E-02  0.15887E-02  0.16643E-02   0.0000       0.0000    
  0.38856E-04  0.28783E-04  0.24006E-04  0.41382E-04   0.0000       0.0000    
  0.21270E-05  0.17885E-05  0.19928E-05  0.59216E-05   0.0000       0.0000    
  0.28024E-01  0.59961E-01  0.98557      0.45703E+10   0.0000       0.0000    
   0.0000      0.42798E+15  0.23943E-01   0.0000       0.0000       0.0000    
   0.0000       0.0000      0.23750E-01   0.0000       0.0000       0.0000    
   0.0000       0.0000      0.42084E+10   0.0000       0.0000       0.0000    
   0.0000       0.0000      0.41187E+10   0.0000       0.0000       0.0000    
