         1         1         1        16                     05/02/13 16:37:49 
         1
   6.0000       10.000       4.0000       0.0000      -1.0000       0.0000    
   2.0000       3.0000       2.0000       0.0000       2010.0       0.0000    
   200.00      -1.0000       0.0000       2.0000    
   0.0000       4.0000       100.00       1.0000       2.0000       200.00    
   1.0000    
   0.0000       4.0000       180.00       1.0000       2.0000       1999.0    
   1.0000       4.0000       2011.0       1.0000    
   0.0000       2.0000      0.50000       1.0000       2.0000       1.0000    
   1.0000    
   100.00    
  0.50000      0.21227      0.77285       1683.7       0.0000       0.0000    
  0.15244E-01  0.17077E-01  0.14867E-01  0.22808E-01   0.0000       0.0000    
  0.63419E-03  0.74946E-03  0.15557E-02  0.16972E-02   0.0000       0.0000    
  0.19231E-04  0.20750E-04  0.47398E-04  0.68167E-04   0.0000       0.0000    
  0.29701E-05  0.21967E-05  0.31680E-05  0.64229E-05   0.0000       0.0000    
   3.2944      0.12353      0.93035E-01  0.20268       0.0000       0.0000    
  0.37962E+25   1.4851      0.71778      0.17669E-01   0.0000       0.0000    
  0.37477E+25   1.4811      0.68932      0.14687E-01   0.0000       0.0000    
  0.37407E+25   1.4766       0.0000      0.14390E-01   0.0000       0.0000    
  0.36545E+25   7.5552       0.0000      0.32844E-01   0.0000       0.0000    
  0.59650      0.64436       1.8389       3.5451       0.0000       0.0000    
  0.55162E-01  0.39140E-01  0.38684E-01  0.16629E-01   0.0000       0.0000    
  0.96747E-03  0.57384E-03  0.47483E-03  0.39988E-02   0.0000       0.0000    
  0.17406E-04  0.20930E-04  0.12510E-04  0.79682E-05   0.0000       0.0000    
  0.29242E-05  0.30151E-05  0.44086E-05  0.14859E-04   0.0000       0.0000    
  0.27688      0.11423       1.6707       13.361       0.0000       0.0000    
   70.811      0.11411      0.31708       1.5862       0.0000       0.0000    
   70.172      0.11328      0.32790       1.6168       0.0000       0.0000    
   69.930      0.17854      0.75693       1.6063       0.0000       0.0000    
  0.17648      0.60062       5.6802       2.7004       0.0000       0.0000    
  0.76045       1.0667      0.75966      0.26136       0.0000       0.0000    
  0.25617E-01  0.35390E-01  0.56735E-01  0.47284E-01   0.0000       0.0000    
  0.10580E-02  0.10610E-02  0.11260E-02  0.21463E-02   0.0000       0.0000    
  0.16931E-04  0.23528E-04  0.28002E-04  0.27637E-04   0.0000       0.0000    
  0.24403E-05  0.39071E-05  0.38361E-05  0.92102E-05   0.0000       0.0000    
  0.84809       2.3649       2.9861       25.560       0.0000       0.0000    
   0.0000       0.0000      0.76353       3.4604       0.0000       0.0000    
   0.0000       0.0000      0.68895       3.7205       0.0000       0.0000    
   0.0000      0.66698       1.0035       3.7103       0.0000       0.0000    
   0.0000      0.66503      0.74567E+17   3.6801       0.0000       0.0000    
  0.58641      0.35715       1.7859       0.0000       0.0000       0.0000    
  0.16587E-01  0.20006E-01  0.24448E-01  0.10021       0.0000       0.0000    
  0.84572E-03  0.70114E-03  0.13861E-02  0.26149E-02   0.0000       0.0000    
  0.15334E-04  0.20024E-04  0.37213E-04  0.66686E-04   0.0000       0.0000    
  0.26234E-05  0.23949E-05  0.44521E-05  0.15027E-04   0.0000       0.0000    
  0.13248      0.51077E-01  0.95757E-01   1.2196       0.0000       0.0000    
   28.786      0.74330E+20  0.17550      0.21385       0.0000       0.0000    
   28.755      0.75703E+20  0.20952      0.49931       0.0000       0.0000    
   28.297      0.74871E+20  0.20937       1.0869       0.0000       0.0000    
   0.0000      0.74115E+20   0.0000       23680.       0.0000       0.0000    
