mcnp       5     05/08/13 21:37:48     2    55806724      581189314
 Run-script for NE506 project - Matthew Klebenow                                
ntal     2
    4   14
tally    4    1    0
     Tally of the flux reported in VITAMIN-J 175Gp structure                    
f        1
      1
d        1
u        0
s        0
m        0
c        0
et     176
  1.00001E-07  4.13994E-07  5.31579E-07  6.82560E-07  8.76425E-07  1.12300E-06
  1.44000E-06  1.85539E-06  2.38237E-06  3.05902E-06  3.92786E-06  5.04348E-06
  6.47595E-06  8.31529E-06  1.06770E-05  1.37096E-05  1.76035E-05  2.26033E-05
  2.90232E-05  3.72665E-05  4.78512E-05  6.14421E-05  7.88932E-05  1.01301E-04
  1.30073E-04  1.67017E-04  2.14454E-04  2.75364E-04  3.53575E-04  4.53999E-04
  5.82947E-04  7.48518E-04  9.61117E-04  1.23410E-03  1.58461E-03  2.03468E-03
  2.24867E-03  2.48517E-03  2.61259E-03  2.74654E-03  3.03539E-03  3.35463E-03
  3.70744E-03  4.30742E-03  5.53084E-03  7.10174E-03  9.11882E-03  1.05946E-02
  1.17088E-02  1.50344E-02  1.93045E-02  2.18749E-02  2.35786E-02  2.41755E-02
  2.47875E-02  2.60584E-02  2.70001E-02  2.85011E-02  3.18278E-02  3.43067E-02
  4.08677E-02  4.63092E-02  5.24752E-02  5.65622E-02  6.73795E-02  7.20245E-02
  7.94987E-02  8.25034E-02  8.65170E-02  9.80365E-02  1.11090E-01  1.16786E-01
  1.22773E-01  1.29068E-01  1.35686E-01  1.42642E-01  1.49956E-01  1.57644E-01
  1.65727E-01  1.74224E-01  1.83156E-01  1.92547E-01  2.02419E-01  2.12797E-01
  2.23708E-01  2.35177E-01  2.47235E-01  2.73237E-01  2.87246E-01  2.94518E-01
  2.97211E-01  2.98491E-01  3.01974E-01  3.33733E-01  3.68832E-01  3.87742E-01
  4.07622E-01  4.50492E-01  4.97871E-01  5.23397E-01  5.50232E-01  5.78443E-01
  6.08101E-01  6.39279E-01  6.72055E-01  7.06512E-01  7.42736E-01  7.80817E-01
  8.20850E-01  8.62936E-01  9.07180E-01  9.61672E-01  1.00259E+00  1.10803E+00
  1.16484E+00  1.22456E+00  1.28735E+00  1.35335E+00  1.42274E+00  1.49569E+00
  1.57237E+00  1.65299E+00  1.73774E+00  1.82684E+00  1.92050E+00  2.01897E+00
  2.12248E+00  2.23130E+00  2.30693E+00  2.34570E+00  2.36533E+00  2.38513E+00
  2.46597E+00  2.59240E+00  2.72532E+00  2.86505E+00  3.01194E+00  3.16637E+00
  3.32871E+00  3.67879E+00  4.06570E+00  4.49329E+00  4.72367E+00  4.96585E+00
  5.22046E+00  5.48812E+00  5.76950E+00  6.06531E+00  6.37628E+00  6.59241E+00
  6.70320E+00  7.04688E+00  7.40818E+00  7.78801E+00  8.18731E+00  8.60708E+00
  9.04837E+00  9.51229E+00  1.00000E+01  1.05127E+01  1.10517E+01  1.16183E+01
  1.22140E+01  1.25232E+01  1.28403E+01  1.34986E+01  1.38403E+01  1.41907E+01
  1.45499E+01  1.49182E+01  1.56831E+01  1.64872E+01  1.69046E+01  1.73325E+01
  1.96403E+01
t        0
vals
  0.00000E+00 0.0000  3.99632E-12 1.0000  0.00000E+00 0.0000  0.00000E+00 0.0000
  0.00000E+00 0.0000  0.00000E+00 0.0000  1.94354E-11 1.0000  1.13678E-10 0.5900
  4.47975E-11 1.0000  5.10159E-11 0.8865  1.17136E-10 0.6071  1.91863E-10 0.4233
  1.60429E-10 0.5810  3.12024E-10 0.3567  3.56937E-10 0.3743  3.73861E-10 0.3846
  4.76517E-10 0.3136  4.96338E-10 0.3046  1.07329E-09 0.2146  1.20687E-09 0.2027
  1.54803E-09 0.1754  1.55771E-09 0.1599  2.91067E-09 0.1153  2.36316E-09 0.0951
  7.59736E-10 0.0708  8.26992E-10 0.0754  4.97151E-09 0.0764  8.38370E-09 0.0775
  1.25803E-08 0.0700  1.56059E-08 0.0622  2.11260E-08 0.0529  2.59087E-08 0.0476
  3.09832E-08 0.0424  4.07308E-08 0.0375  5.12800E-08 0.0322  6.63955E-08 0.0277
  3.00641E-08 0.0401  3.17361E-08 0.0383  1.68961E-08 0.0520  2.07195E-08 0.0468
  4.41006E-08 0.0332  6.51780E-08 0.0277  1.58885E-07 0.0178  2.80603E-07 0.0130
  6.98563E-08 0.0127  2.03779E-07 0.0146  3.80416E-07 0.0127  3.36291E-07 0.0127
  1.61072E-07 0.0162  6.03527E-07 0.0097  7.91925E-07 0.0086  8.80466E-07 0.0077
  2.20587E-07 0.0111  2.99667E-07 0.0116  1.15088E-07 0.0153  1.82624E-07 0.0117
  2.61768E-07 0.0115  2.94222E-07 0.0109  9.05148E-07 0.0074  6.53291E-07 0.0081
  1.45134E-06 0.0061  1.53703E-06 0.0057  1.82602E-06 0.0052  1.12472E-06 0.0062
  2.88700E-06 0.0043  1.59013E-06 0.0054  2.21721E-06 0.0046  8.97268E-07 0.0067
  1.47829E-06 0.0053  5.06883E-06 0.0032  4.16514E-06 0.0033  2.46893E-06 0.0041
  2.04467E-06 0.0043  2.60660E-06 0.0039  2.16473E-06 0.0042  2.35362E-06 0.0041
  2.56813E-06 0.0040  3.36540E-06 0.0036  3.11035E-06 0.0036  2.98631E-06 0.0037
  4.22202E-06 0.0032  3.93142E-06 0.0032  4.58847E-06 0.0030  4.11768E-06 0.0031
  4.16812E-06 0.0031  4.53785E-06 0.0030  5.15777E-06 0.0028  1.14862E-05 0.0021
  5.50028E-06 0.0027  2.74174E-06 0.0037  1.10733E-06 0.0059  5.63211E-07 0.0083
  1.32744E-06 0.0052  1.41768E-05 0.0019  1.49692E-05 0.0018  7.54188E-06 0.0024
  8.86337E-06 0.0022  1.92702E-05 0.0016  2.02231E-05 0.0015  1.07169E-05 0.0020
  1.17304E-05 0.0019  1.22298E-05 0.0019  1.30435E-05 0.0018  1.35349E-05 0.0018
  1.41097E-05 0.0017  1.44965E-05 0.0017  1.50841E-05 0.0017  1.59743E-05 0.0016
  1.70302E-05 0.0016  1.77133E-05 0.0016  1.82134E-05 0.0015  2.24528E-05 0.0014
  1.63268E-05 0.0016  4.19666E-05 0.0011  2.17906E-05 0.0014  2.23178E-05 0.0014
  2.20418E-05 0.0014  2.25202E-05 0.0014  2.27572E-05 0.0014  2.31612E-05 0.0014
  2.34054E-05 0.0013  2.32188E-05 0.0013  2.34457E-05 0.0013  2.39659E-05 0.0013
  2.37333E-05 0.0013  2.41314E-05 0.0013  2.43959E-05 0.0013  2.46112E-05 0.0013
  1.65443E-05 0.0016  8.27996E-06 0.0022  4.15419E-06 0.0031  4.18076E-06 0.0031
  1.68855E-05 0.0016  2.54385E-05 0.0013  2.55795E-05 0.0013  2.59242E-05 0.0013
  2.64540E-05 0.0013  2.70206E-05 0.0012  2.76288E-05 0.0012  5.67730E-05 0.0009
  5.90161E-05 0.0008  6.13817E-05 0.0008  3.18920E-05 0.0011  3.26935E-05 0.0011
  3.37167E-05 0.0011  3.47903E-05 0.0011  3.59640E-05 0.0011  3.72385E-05 0.0011
  3.84086E-05 0.0010  2.63849E-05 0.0013  1.34046E-05 0.0018  4.14116E-05 0.0010
  4.30921E-05 0.0010  4.48922E-05 0.0010  4.68153E-05 0.0009  4.89023E-05 0.0009
  5.13288E-05 0.0009  5.36725E-05 0.0009  5.63092E-05 0.0009  5.91278E-05 0.0008
  6.21987E-05 0.0008  6.54512E-05 0.0008  6.88589E-05 0.0008  3.56695E-05 0.0011
  3.65748E-05 0.0011  7.57928E-05 0.0007  3.92850E-05 0.0010  4.01825E-05 0.0010
  4.13140E-05 0.0010  4.22734E-05 0.0010  8.80341E-05 0.0007  9.23679E-05 0.0007
  4.79792E-05 0.0009  4.91627E-05 0.0009  2.61064E-04 0.0004  2.93534E-03 0.0001
tfc   14       1       1       1       1       1       1     176       1
    4096000  2.93485E-03  2.10994E-04  3.81907E+07
    8192000  2.93526E-03  1.49221E-04  3.81341E+07
   12288000  2.93530E-03  1.21864E-04  3.81198E+07
   16384000  2.93515E-03  1.05522E-04  3.81271E+07
   20480000  2.93530E-03  0.00000E+00  1.00000E+30
   24576000  2.93532E-03  0.00000E+00  1.00000E+30
   28672000  2.93521E-03  0.00000E+00  1.00000E+30
   32768000  2.93515E-03  0.00000E+00  1.00000E+30
   36864000  2.93531E-03  0.00000E+00  1.00000E+30
   40960000  2.93525E-03  0.00000E+00  1.00000E+30
   45056000  2.93531E-03  0.00000E+00  1.00000E+30
   49152000  2.93533E-03  0.00000E+00  1.00000E+30
   53248000  2.93533E-03  0.00000E+00  1.00000E+30
   55806724  2.93534E-03  0.00000E+00  1.00000E+30
tally   14    1    0
     Tally of the total xs reaction                                             
f        1
      1
d        1
u        0
s        0
m        1
c        0
et     176
  1.00001E-07  4.13994E-07  5.31579E-07  6.82560E-07  8.76425E-07  1.12300E-06
  1.44000E-06  1.85539E-06  2.38237E-06  3.05902E-06  3.92786E-06  5.04348E-06
  6.47595E-06  8.31529E-06  1.06770E-05  1.37096E-05  1.76035E-05  2.26033E-05
  2.90232E-05  3.72665E-05  4.78512E-05  6.14421E-05  7.88932E-05  1.01301E-04
  1.30073E-04  1.67017E-04  2.14454E-04  2.75364E-04  3.53575E-04  4.53999E-04
  5.82947E-04  7.48518E-04  9.61117E-04  1.23410E-03  1.58461E-03  2.03468E-03
  2.24867E-03  2.48517E-03  2.61259E-03  2.74654E-03  3.03539E-03  3.35463E-03
  3.70744E-03  4.30742E-03  5.53084E-03  7.10174E-03  9.11882E-03  1.05946E-02
  1.17088E-02  1.50344E-02  1.93045E-02  2.18749E-02  2.35786E-02  2.41755E-02
  2.47875E-02  2.60584E-02  2.70001E-02  2.85011E-02  3.18278E-02  3.43067E-02
  4.08677E-02  4.63092E-02  5.24752E-02  5.65622E-02  6.73795E-02  7.20245E-02
  7.94987E-02  8.25034E-02  8.65170E-02  9.80365E-02  1.11090E-01  1.16786E-01
  1.22773E-01  1.29068E-01  1.35686E-01  1.42642E-01  1.49956E-01  1.57644E-01
  1.65727E-01  1.74224E-01  1.83156E-01  1.92547E-01  2.02419E-01  2.12797E-01
  2.23708E-01  2.35177E-01  2.47235E-01  2.73237E-01  2.87246E-01  2.94518E-01
  2.97211E-01  2.98491E-01  3.01974E-01  3.33733E-01  3.68832E-01  3.87742E-01
  4.07622E-01  4.50492E-01  4.97871E-01  5.23397E-01  5.50232E-01  5.78443E-01
  6.08101E-01  6.39279E-01  6.72055E-01  7.06512E-01  7.42736E-01  7.80817E-01
  8.20850E-01  8.62936E-01  9.07180E-01  9.61672E-01  1.00259E+00  1.10803E+00
  1.16484E+00  1.22456E+00  1.28735E+00  1.35335E+00  1.42274E+00  1.49569E+00
  1.57237E+00  1.65299E+00  1.73774E+00  1.82684E+00  1.92050E+00  2.01897E+00
  2.12248E+00  2.23130E+00  2.30693E+00  2.34570E+00  2.36533E+00  2.38513E+00
  2.46597E+00  2.59240E+00  2.72532E+00  2.86505E+00  3.01194E+00  3.16637E+00
  3.32871E+00  3.67879E+00  4.06570E+00  4.49329E+00  4.72367E+00  4.96585E+00
  5.22046E+00  5.48812E+00  5.76950E+00  6.06531E+00  6.37628E+00  6.59241E+00
  6.70320E+00  7.04688E+00  7.40818E+00  7.78801E+00  8.18731E+00  8.60708E+00
  9.04837E+00  9.51229E+00  1.00000E+01  1.05127E+01  1.10517E+01  1.16183E+01
  1.22140E+01  1.25232E+01  1.28403E+01  1.34986E+01  1.38403E+01  1.41907E+01
  1.45499E+01  1.49182E+01  1.56831E+01  1.64872E+01  1.69046E+01  1.73325E+01
  1.96403E+01
t        0
vals
  0.00000E+00 0.0000  7.93979E-35 1.0000  0.00000E+00 0.0000  0.00000E+00 0.0000
  0.00000E+00 0.0000  0.00000E+00 0.0000  2.15647E-34 1.0000  1.20785E-33 0.5892
  4.51372E-34 1.0000  4.86070E-34 0.8865  1.07969E-33 0.6063  1.71132E-33 0.4229
  1.38714E-33 0.5811  2.60659E-33 0.3567  2.90699E-33 0.3745  2.98699E-33 0.3845
  3.77045E-33 0.3136  3.93165E-33 0.3046  8.64616E-33 0.2148  1.01851E-32 0.2026
  1.45389E-32 0.1751  1.79874E-32 0.1589  5.00833E-32 0.1152  9.16269E-32 0.0886
  1.83865E-31 0.0647  2.39772E-31 0.0682  2.11163E-31 0.0740  1.47426E-31 0.0769
  1.27607E-31 0.0701  1.08668E-31 0.0623  1.10092E-31 0.0530  1.04971E-31 0.0477
  9.98802E-32 0.0425  1.03868E-31 0.0376  1.02869E-31 0.0324  1.00235E-31 0.0279
  3.73855E-32 0.0401  3.81371E-32 0.0392  1.91302E-32 0.0520  2.41715E-32 0.0468
  6.59086E-32 0.0380  1.34045E-31 0.0279  6.58973E-31 0.0179  4.86240E-30 0.0128
  1.03680E-29 0.0125  6.33706E-30 0.0142  4.09455E-30 0.0131  2.13104E-30 0.0129
  1.72310E-30 0.0164  2.43529E-30 0.0105  3.98553E-30 0.0105  3.21387E-30 0.0100
  5.24367E-30 0.0106  8.61206E-31 0.0125  2.19051E-30 0.0140  3.84604E-30 0.0114
  2.03847E-30 0.0116  3.33082E-30 0.0109  7.78802E-30 0.0080  5.24312E-30 0.0084
  1.01834E-29 0.0064  6.50049E-30 0.0072  1.05239E-29 0.0059  8.11528E-30 0.0066
  1.58539E-29 0.0047  5.07753E-30 0.0063  9.78989E-30 0.0053  4.13686E-30 0.0076
  5.37148E-30 0.0064  2.71324E-29 0.0038  3.58530E-29 0.0035  1.32336E-29 0.0043
  1.70631E-29 0.0044  1.48764E-29 0.0041  1.68491E-29 0.0043  1.30382E-29 0.0042
  1.10484E-29 0.0042  1.11864E-29 0.0042  1.45613E-29 0.0039  1.58956E-29 0.0039
  1.32160E-29 0.0036  2.25707E-29 0.0034  2.18796E-29 0.0033  2.68207E-29 0.0032
  2.45173E-29 0.0032  2.13062E-29 0.0031  1.99494E-29 0.0030  5.20299E-29 0.0022
  3.03618E-29 0.0028  1.36978E-29 0.0038  4.06584E-30 0.0060  1.65500E-30 0.0088
  6.38443E-30 0.0053  5.53133E-29 0.0020  6.65820E-29 0.0019  3.35022E-29 0.0024
  2.91921E-29 0.0023  7.98795E-29 0.0017  9.47650E-29 0.0016  4.38622E-29 0.0020
  4.18944E-29 0.0020  4.73346E-29 0.0019  4.82990E-29 0.0018  5.43884E-29 0.0018
  5.69372E-29 0.0018  5.70686E-29 0.0017  5.67408E-29 0.0017  5.58693E-29 0.0017
  5.66482E-29 0.0016  6.22333E-29 0.0016  6.50086E-29 0.0015  7.70250E-29 0.0014
  5.82720E-29 0.0016  1.36484E-28 0.0011  7.49851E-29 0.0014  7.47571E-29 0.0014
  7.75337E-29 0.0014  7.29409E-29 0.0014  7.39184E-29 0.0014  7.30048E-29 0.0014
  7.59254E-29 0.0013  7.88797E-29 0.0013  7.76773E-29 0.0013  7.64250E-29 0.0013
  8.00392E-29 0.0013  7.77930E-29 0.0013  7.92688E-29 0.0013  7.89131E-29 0.0013
  5.40776E-29 0.0016  2.78959E-29 0.0022  1.33127E-29 0.0031  1.35149E-29 0.0031
  5.53370E-29 0.0016  8.56687E-29 0.0013  8.67878E-29 0.0013  8.73079E-29 0.0013
  8.79165E-29 0.0013  9.29419E-29 0.0012  9.66320E-29 0.0012  2.02142E-28 0.0009
  2.12625E-28 0.0008  2.26554E-28 0.0008  1.18939E-28 0.0011  1.23498E-28 0.0011
  1.26538E-28 0.0011  1.30949E-28 0.0011  1.35280E-28 0.0011  1.39680E-28 0.0011
  1.43340E-28 0.0010  9.79374E-29 0.0013  4.95426E-29 0.0018  1.52073E-28 0.0010
  1.56431E-28 0.0010  1.60804E-28 0.0010  1.65087E-28 0.0009  1.69421E-28 0.0009
  1.74395E-28 0.0009  1.78538E-28 0.0009  1.83075E-28 0.0009  1.87660E-28 0.0008
  1.92437E-28 0.0008  1.97336E-28 0.0008  2.02184E-28 0.0008  1.02746E-28 0.0011
  1.04004E-28 0.0011  2.11446E-28 0.0007  1.07656E-28 0.0010  1.08765E-28 0.0010
  1.10432E-28 0.0010  1.11650E-28 0.0010  2.28229E-28 0.0007  2.33748E-28 0.0007
  1.19374E-28 0.0009  1.21038E-28 0.0009  6.27553E-28 0.0004  9.66114E-27 0.0001
tfc   14       1       1       1       1       1       1     176       1
    4096000  9.66030E-27  2.96583E-04  1.93288E+07
    8192000  9.66128E-27  2.09722E-04  1.93057E+07
   12288000  9.66090E-27  1.71181E-04  1.93192E+07
   16384000  9.66039E-27  1.48416E-04  1.92734E+07
   20480000  9.66056E-27  1.32777E-04  1.92664E+07
   24576000  9.66075E-27  1.21366E-04  1.92156E+07
   28672000  9.66042E-27  1.12365E-04  1.91884E+07
   32768000  9.66013E-27  1.05111E-04  1.91908E+07
   36864000  9.66107E-27  0.00000E+00  1.00000E+30
   40960000  9.66065E-27  0.00000E+00  1.00000E+30
   45056000  9.66082E-27  0.00000E+00  1.00000E+30
   49152000  9.66098E-27  0.00000E+00  1.00000E+30
   53248000  9.66104E-27  0.00000E+00  1.00000E+30
   55806724  9.66114E-27  0.00000E+00  1.00000E+30
