mcnp       5     05/08/13 22:01:35     2    57038966      570857971
 Run-script for NE506 project - Matthew Klebenow                                
ntal     2
    4   14
tally    4    1    0
     Tally of the flux reported in VITAMIN-J 175Gp structure                    
f        1
      1
d        1
u        0
s        0
m        0
c        0
et     176
  1.00001E-07  4.13994E-07  5.31579E-07  6.82560E-07  8.76425E-07  1.12300E-06
  1.44000E-06  1.85539E-06  2.38237E-06  3.05902E-06  3.92786E-06  5.04348E-06
  6.47595E-06  8.31529E-06  1.06770E-05  1.37096E-05  1.76035E-05  2.26033E-05
  2.90232E-05  3.72665E-05  4.78512E-05  6.14421E-05  7.88932E-05  1.01301E-04
  1.30073E-04  1.67017E-04  2.14454E-04  2.75364E-04  3.53575E-04  4.53999E-04
  5.82947E-04  7.48518E-04  9.61117E-04  1.23410E-03  1.58461E-03  2.03468E-03
  2.24867E-03  2.48517E-03  2.61259E-03  2.74654E-03  3.03539E-03  3.35463E-03
  3.70744E-03  4.30742E-03  5.53084E-03  7.10174E-03  9.11882E-03  1.05946E-02
  1.17088E-02  1.50344E-02  1.93045E-02  2.18749E-02  2.35786E-02  2.41755E-02
  2.47875E-02  2.60584E-02  2.70001E-02  2.85011E-02  3.18278E-02  3.43067E-02
  4.08677E-02  4.63092E-02  5.24752E-02  5.65622E-02  6.73795E-02  7.20245E-02
  7.94987E-02  8.25034E-02  8.65170E-02  9.80365E-02  1.11090E-01  1.16786E-01
  1.22773E-01  1.29068E-01  1.35686E-01  1.42642E-01  1.49956E-01  1.57644E-01
  1.65727E-01  1.74224E-01  1.83156E-01  1.92547E-01  2.02419E-01  2.12797E-01
  2.23708E-01  2.35177E-01  2.47235E-01  2.73237E-01  2.87246E-01  2.94518E-01
  2.97211E-01  2.98491E-01  3.01974E-01  3.33733E-01  3.68832E-01  3.87742E-01
  4.07622E-01  4.50492E-01  4.97871E-01  5.23397E-01  5.50232E-01  5.78443E-01
  6.08101E-01  6.39279E-01  6.72055E-01  7.06512E-01  7.42736E-01  7.80817E-01
  8.20850E-01  8.62936E-01  9.07180E-01  9.61672E-01  1.00259E+00  1.10803E+00
  1.16484E+00  1.22456E+00  1.28735E+00  1.35335E+00  1.42274E+00  1.49569E+00
  1.57237E+00  1.65299E+00  1.73774E+00  1.82684E+00  1.92050E+00  2.01897E+00
  2.12248E+00  2.23130E+00  2.30693E+00  2.34570E+00  2.36533E+00  2.38513E+00
  2.46597E+00  2.59240E+00  2.72532E+00  2.86505E+00  3.01194E+00  3.16637E+00
  3.32871E+00  3.67879E+00  4.06570E+00  4.49329E+00  4.72367E+00  4.96585E+00
  5.22046E+00  5.48812E+00  5.76950E+00  6.06531E+00  6.37628E+00  6.59241E+00
  6.70320E+00  7.04688E+00  7.40818E+00  7.78801E+00  8.18731E+00  8.60708E+00
  9.04837E+00  9.51229E+00  1.00000E+01  1.05127E+01  1.10517E+01  1.16183E+01
  1.22140E+01  1.25232E+01  1.28403E+01  1.34986E+01  1.38403E+01  1.41907E+01
  1.45499E+01  1.49182E+01  1.56831E+01  1.64872E+01  1.69046E+01  1.73325E+01
  1.96403E+01
t        0
vals
  0.00000E+00 0.0000  2.70015E-11 0.7155  0.00000E+00 0.0000  3.49753E-11 0.7408
  0.00000E+00 0.0000  0.00000E+00 0.0000  4.02482E-11 0.7075  1.65144E-10 0.4928
  4.38297E-11 1.0000  4.38297E-11 1.0000  1.31019E-10 0.5815  2.40042E-10 0.3931
  1.92291E-10 0.4523  4.00309E-10 0.3365  3.71436E-10 0.3558  4.76429E-10 0.3102
  7.38311E-10 0.2450  4.80450E-10 0.2835  1.26580E-09 0.2004  1.33662E-09 0.1827
  1.98804E-09 0.1545  2.17737E-09 0.1496  3.51668E-09 0.1237  3.63935E-09 0.1114
  5.28336E-09 0.1022  6.42099E-09 0.0903  9.47177E-09 0.0738  1.21457E-08 0.0667
  1.49739E-08 0.0587  1.94230E-08 0.0537  2.85156E-08 0.0442  3.84900E-08 0.0389
  5.21132E-08 0.0329  8.77435E-08 0.0256  1.85733E-07 0.0173  4.06540E-07 0.0113
  2.40148E-07 0.0108  2.68754E-07 0.0097  1.36588E-07 0.0110  1.34775E-07 0.0107
  2.51046E-07 0.0086  2.12041E-07 0.0083  1.63917E-07 0.0081  1.57346E-07 0.0075
  9.47236E-08 0.0071  8.68409E-08 0.0078  2.73886E-07 0.0085  2.82450E-07 0.0098
  2.32941E-07 0.0111  7.11320E-07 0.0087  8.82115E-07 0.0080  4.77061E-07 0.0099
  3.01745E-07 0.0120  1.04352E-07 0.0196  1.08628E-07 0.0193  2.60264E-07 0.0128
  3.52407E-07 0.0110  4.40901E-07 0.0096  5.93538E-07 0.0082  1.22494E-06 0.0059
  1.75210E-06 0.0049  1.20762E-06 0.0056  1.53859E-06 0.0054  1.13805E-06 0.0059
  2.56711E-06 0.0044  1.09404E-06 0.0060  1.79679E-06 0.0050  7.36184E-07 0.0072
  1.01481E-06 0.0062  3.67667E-06 0.0036  3.15491E-06 0.0037  1.39193E-06 0.0052
  1.52287E-06 0.0050  1.93286E-06 0.0045  1.49730E-06 0.0049  1.74201E-06 0.0047
  2.03153E-06 0.0044  2.49464E-06 0.0040  1.92230E-06 0.0044  2.22861E-06 0.0041
  3.37767E-06 0.0035  2.09844E-06 0.0041  2.41850E-06 0.0039  2.68871E-06 0.0038
  2.85782E-06 0.0037  2.99976E-06 0.0037  3.00698E-06 0.0036  7.48064E-06 0.0024
  4.28695E-06 0.0030  1.90357E-06 0.0043  5.51599E-07 0.0073  3.26637E-07 0.0101
  1.03729E-06 0.0059  8.77149E-06 0.0023  1.18409E-05 0.0019  5.27821E-06 0.0026
  6.05337E-06 0.0025  1.38135E-05 0.0018  1.39185E-05 0.0018  7.56494E-06 0.0023
  8.59723E-06 0.0021  9.54966E-06 0.0020  8.91675E-06 0.0021  9.45365E-06 0.0020
  1.01325E-05 0.0020  1.11071E-05 0.0019  1.13431E-05 0.0019  1.21320E-05 0.0018
  1.22476E-05 0.0018  1.20408E-05 0.0018  1.23219E-05 0.0018  1.49155E-05 0.0016
  1.23037E-05 0.0018  2.95605E-05 0.0012  1.60732E-05 0.0016  1.66487E-05 0.0015
  1.74816E-05 0.0015  1.77639E-05 0.0015  1.88693E-05 0.0014  1.90374E-05 0.0014
  1.88130E-05 0.0014  1.99119E-05 0.0014  2.03949E-05 0.0014  2.15835E-05 0.0013
  2.22496E-05 0.0013  2.17742E-05 0.0013  2.29694E-05 0.0013  2.31629E-05 0.0013
  1.64343E-05 0.0015  7.90600E-06 0.0021  3.81705E-06 0.0030  4.17312E-06 0.0029
  1.63654E-05 0.0015  2.43109E-05 0.0013  2.47023E-05 0.0012  2.53472E-05 0.0012
  2.58458E-05 0.0012  2.58784E-05 0.0012  2.67677E-05 0.0012  5.38704E-05 0.0009
  5.63036E-05 0.0008  5.87292E-05 0.0008  3.06408E-05 0.0011  3.15006E-05 0.0011
  3.25272E-05 0.0011  3.36991E-05 0.0011  3.47093E-05 0.0011  3.60732E-05 0.0010
  3.74326E-05 0.0010  2.58476E-05 0.0012  1.31338E-05 0.0017  4.05216E-05 0.0010
  4.22079E-05 0.0010  4.39552E-05 0.0009  4.60022E-05 0.0009  4.80790E-05 0.0009
  5.04360E-05 0.0009  5.25910E-05 0.0009  5.51257E-05 0.0008  5.78362E-05 0.0008
  6.05564E-05 0.0008  6.33732E-05 0.0008  6.63753E-05 0.0008  3.43895E-05 0.0011
  3.52685E-05 0.0011  7.30841E-05 0.0007  3.79366E-05 0.0010  3.88368E-05 0.0010
  3.99138E-05 0.0010  4.09253E-05 0.0010  8.53404E-05 0.0007  8.97092E-05 0.0007
  4.67226E-05 0.0009  4.79679E-05 0.0009  2.57592E-04 0.0004  2.69971E-03 0.0000
tfc   14       1       1       1       1       1       1     176       1
    4096000  2.70023E-03  1.69402E-04  6.03892E+07
    8192000  2.69989E-03  1.19801E-04  6.05523E+07
   12288000  2.69982E-03  0.00000E+00  1.00000E+30
   16384000  2.69979E-03  0.00000E+00  1.00000E+30
   20480000  2.69972E-03  0.00000E+00  1.00000E+30
   24576000  2.69971E-03  0.00000E+00  1.00000E+30
   28672000  2.69974E-03  0.00000E+00  1.00000E+30
   32768000  2.69971E-03  0.00000E+00  1.00000E+30
   36864000  2.69978E-03  0.00000E+00  1.00000E+30
   40960000  2.69972E-03  0.00000E+00  1.00000E+30
   45056000  2.69971E-03  0.00000E+00  1.00000E+30
   49152000  2.69966E-03  0.00000E+00  1.00000E+30
   53248000  2.69968E-03  0.00000E+00  1.00000E+30
   57038966  2.69971E-03  0.00000E+00  1.00000E+30
tally   14    1    0
     Tally of the total xs reaction                                             
f        1
      1
d        1
u        0
s        0
m        1
c        0
et     176
  1.00001E-07  4.13994E-07  5.31579E-07  6.82560E-07  8.76425E-07  1.12300E-06
  1.44000E-06  1.85539E-06  2.38237E-06  3.05902E-06  3.92786E-06  5.04348E-06
  6.47595E-06  8.31529E-06  1.06770E-05  1.37096E-05  1.76035E-05  2.26033E-05
  2.90232E-05  3.72665E-05  4.78512E-05  6.14421E-05  7.88932E-05  1.01301E-04
  1.30073E-04  1.67017E-04  2.14454E-04  2.75364E-04  3.53575E-04  4.53999E-04
  5.82947E-04  7.48518E-04  9.61117E-04  1.23410E-03  1.58461E-03  2.03468E-03
  2.24867E-03  2.48517E-03  2.61259E-03  2.74654E-03  3.03539E-03  3.35463E-03
  3.70744E-03  4.30742E-03  5.53084E-03  7.10174E-03  9.11882E-03  1.05946E-02
  1.17088E-02  1.50344E-02  1.93045E-02  2.18749E-02  2.35786E-02  2.41755E-02
  2.47875E-02  2.60584E-02  2.70001E-02  2.85011E-02  3.18278E-02  3.43067E-02
  4.08677E-02  4.63092E-02  5.24752E-02  5.65622E-02  6.73795E-02  7.20245E-02
  7.94987E-02  8.25034E-02  8.65170E-02  9.80365E-02  1.11090E-01  1.16786E-01
  1.22773E-01  1.29068E-01  1.35686E-01  1.42642E-01  1.49956E-01  1.57644E-01
  1.65727E-01  1.74224E-01  1.83156E-01  1.92547E-01  2.02419E-01  2.12797E-01
  2.23708E-01  2.35177E-01  2.47235E-01  2.73237E-01  2.87246E-01  2.94518E-01
  2.97211E-01  2.98491E-01  3.01974E-01  3.33733E-01  3.68832E-01  3.87742E-01
  4.07622E-01  4.50492E-01  4.97871E-01  5.23397E-01  5.50232E-01  5.78443E-01
  6.08101E-01  6.39279E-01  6.72055E-01  7.06512E-01  7.42736E-01  7.80817E-01
  8.20850E-01  8.62936E-01  9.07180E-01  9.61672E-01  1.00259E+00  1.10803E+00
  1.16484E+00  1.22456E+00  1.28735E+00  1.35335E+00  1.42274E+00  1.49569E+00
  1.57237E+00  1.65299E+00  1.73774E+00  1.82684E+00  1.92050E+00  2.01897E+00
  2.12248E+00  2.23130E+00  2.30693E+00  2.34570E+00  2.36533E+00  2.38513E+00
  2.46597E+00  2.59240E+00  2.72532E+00  2.86505E+00  3.01194E+00  3.16637E+00
  3.32871E+00  3.67879E+00  4.06570E+00  4.49329E+00  4.72367E+00  4.96585E+00
  5.22046E+00  5.48812E+00  5.76950E+00  6.06531E+00  6.37628E+00  6.59241E+00
  6.70320E+00  7.04688E+00  7.40818E+00  7.78801E+00  8.18731E+00  8.60708E+00
  9.04837E+00  9.51229E+00  1.00000E+01  1.05127E+01  1.10517E+01  1.16183E+01
  1.22140E+01  1.25232E+01  1.28403E+01  1.34986E+01  1.38403E+01  1.41907E+01
  1.45499E+01  1.49182E+01  1.56831E+01  1.64872E+01  1.69046E+01  1.73325E+01
  1.96403E+01
t        0
vals
  0.00000E+00 0.0000  2.06142E-34 0.7084  0.00000E+00 0.0000  1.93185E-34 0.7381
  0.00000E+00 0.0000  0.00000E+00 0.0000  1.83266E-34 0.7077  7.11054E-34 0.4928
  1.78273E-34 1.0000  1.67794E-34 1.0000  4.83747E-34 0.5820  8.57389E-34 0.3928
  6.58279E-34 0.4528  1.32213E-33 0.3367  1.18879E-33 0.3558  1.48433E-33 0.3103
  2.25534E-33 0.2449  1.43982E-33 0.2834  3.74787E-33 0.2004  3.92365E-33 0.1827
  5.81923E-33 0.1545  6.39683E-33 0.1496  1.04337E-32 0.1237  1.10104E-32 0.1113
  1.63878E-32 0.1022  2.06951E-32 0.0902  3.20340E-32 0.0738  4.35567E-32 0.0667
  5.78653E-32 0.0588  8.18435E-32 0.0537  1.33567E-31 0.0442  2.04353E-31 0.0389
  3.22476E-31 0.0329  6.56399E-31 0.0255  1.76129E-30 0.0172  5.20442E-30 0.0112
  3.89617E-30 0.0108  5.20104E-30 0.0097  3.06105E-30 0.0110  3.36866E-30 0.0107
  7.52372E-30 0.0086  8.38759E-30 0.0083  9.03226E-30 0.0081  1.45095E-29 0.0074
  2.47474E-29 0.0070  2.15108E-29 0.0075  1.62907E-29 0.0083  7.45490E-30 0.0098
  4.08404E-30 0.0111  7.70925E-30 0.0088  5.22002E-30 0.0081  1.60545E-30 0.0100
  6.57351E-31 0.0120  1.65792E-31 0.0197  1.32034E-31 0.0193  1.76333E-31 0.0153
  2.95202E-32 0.0156  1.90131E-30 0.0127  4.10565E-30 0.0087  2.41192E-30 0.0065
  2.72335E-29 0.0051  1.41001E-29 0.0056  1.10013E-29 0.0054  7.12749E-30 0.0065
  1.51369E-29 0.0045  4.93616E-30 0.0060  6.74586E-30 0.0050  2.38708E-30 0.0072
  2.98253E-30 0.0062  1.59984E-29 0.0044  1.76345E-29 0.0038  6.00292E-30 0.0056
  5.46126E-30 0.0051  4.51142E-30 0.0047  7.52032E-30 0.0051  6.18942E-30 0.0048
  5.59176E-30 0.0045  6.65662E-30 0.0049  1.04036E-29 0.0047  7.75494E-30 0.0042
  6.15794E-30 0.0036  1.51442E-29 0.0042  1.04461E-29 0.0040  8.15697E-30 0.0039
  7.79540E-30 0.0039  7.86386E-30 0.0044  7.24577E-30 0.0038  1.08607E-29 0.0028
  1.15127E-29 0.0036  8.55856E-30 0.0048  3.61050E-30 0.0074  1.37267E-30 0.0101
  2.81404E-30 0.0060  3.13366E-29 0.0025  2.79421E-29 0.0023  2.43102E-29 0.0028
  2.16162E-29 0.0027  5.89717E-29 0.0019  6.07295E-29 0.0019  2.80013E-29 0.0024
  2.50155E-29 0.0023  2.95980E-29 0.0022  3.42516E-29 0.0022  3.35638E-29 0.0021
  4.00545E-29 0.0020  3.46953E-29 0.0020  3.46753E-29 0.0020  3.84721E-29 0.0020
  4.44469E-29 0.0018  4.35768E-29 0.0018  3.97027E-29 0.0018  4.68403E-29 0.0017
  3.01379E-29 0.0018  9.40099E-29 0.0012  5.24340E-29 0.0016  5.07144E-29 0.0015
  5.86276E-29 0.0015  5.87144E-29 0.0015  5.79682E-29 0.0014  6.30225E-29 0.0014
  6.93303E-29 0.0014  6.11151E-29 0.0014  6.38617E-29 0.0014  6.42113E-29 0.0013
  6.96379E-29 0.0013  7.89084E-29 0.0013  7.22726E-29 0.0013  8.17227E-29 0.0013
  5.33890E-29 0.0015  2.94706E-29 0.0021  1.50795E-29 0.0030  1.36554E-29 0.0029
  6.39016E-29 0.0015  9.41900E-29 0.0013  9.22741E-29 0.0012  9.21939E-29 0.0012
  9.80045E-29 0.0012  9.49571E-29 0.0012  9.70842E-29 0.0012  2.00991E-28 0.0009
  2.00407E-28 0.0008  2.19040E-28 0.0008  1.14678E-28 0.0011  1.17354E-28 0.0011
  1.19851E-28 0.0011  1.22710E-28 0.0011  1.26427E-28 0.0011  1.28512E-28 0.0010
  1.33071E-28 0.0010  8.97628E-29 0.0012  4.63396E-29 0.0017  1.39899E-28 0.0010
  1.43494E-28 0.0010  1.46440E-28 0.0009  1.49236E-28 0.0009  1.51249E-28 0.0009
  1.54535E-28 0.0009  1.57903E-28 0.0009  1.60120E-28 0.0008  1.61974E-28 0.0008
  1.66255E-28 0.0008  1.70735E-28 0.0008  1.72843E-28 0.0008  8.79641E-29 0.0011
  8.96023E-29 0.0011  1.83298E-28 0.0007  9.26064E-29 0.0010  9.38801E-29 0.0010
  9.61048E-29 0.0010  9.76611E-29 0.0010  1.99622E-28 0.0007  2.04371E-28 0.0007
  1.05270E-28 0.0009  1.07468E-28 0.0009  5.62010E-28 0.0004  8.33106E-27 0.0001
tfc   14       1       1       1       1       1       1     176       1
    4096000  8.33478E-27  4.42921E-04  8.83375E+06
    8192000  8.33338E-27  3.12030E-04  8.92600E+06
   12288000  8.33219E-27  2.54549E-04  8.94938E+06
   16384000  8.32995E-27  2.18945E-04  9.07433E+06
   20480000  8.32980E-27  1.95853E-04  8.89820E+06
   24576000  8.32963E-27  1.78947E-04  8.91016E+06
   28672000  8.33026E-27  1.66126E-04  8.88395E+06
   32768000  8.33005E-27  1.55386E-04  8.90258E+06
   36864000  8.33076E-27  1.46612E-04  8.90024E+06
   40960000  8.33027E-27  1.38937E-04  8.92958E+06
   45056000  8.33005E-27  1.32434E-04  8.94330E+06
   49152000  8.33030E-27  1.26971E-04  8.92537E+06
   53248000  8.33039E-27  1.22014E-04  8.92063E+06
   57038966  8.33106E-27  1.18066E-04  8.89903E+06
