mcnp       5     05/08/13 21:13:28     2    56053455      567776417
 Run-script for NE506 project - Matthew Klebenow                                
ntal     2
    4   14
tally    4    1    0
     Tally of the flux reported in VITAMIN-J 175Gp structure                    
f        1
      1
d        1
u        0
s        0
m        0
c        0
et     176
  1.00001E-07  4.13994E-07  5.31579E-07  6.82560E-07  8.76425E-07  1.12300E-06
  1.44000E-06  1.85539E-06  2.38237E-06  3.05902E-06  3.92786E-06  5.04348E-06
  6.47595E-06  8.31529E-06  1.06770E-05  1.37096E-05  1.76035E-05  2.26033E-05
  2.90232E-05  3.72665E-05  4.78512E-05  6.14421E-05  7.88932E-05  1.01301E-04
  1.30073E-04  1.67017E-04  2.14454E-04  2.75364E-04  3.53575E-04  4.53999E-04
  5.82947E-04  7.48518E-04  9.61117E-04  1.23410E-03  1.58461E-03  2.03468E-03
  2.24867E-03  2.48517E-03  2.61259E-03  2.74654E-03  3.03539E-03  3.35463E-03
  3.70744E-03  4.30742E-03  5.53084E-03  7.10174E-03  9.11882E-03  1.05946E-02
  1.17088E-02  1.50344E-02  1.93045E-02  2.18749E-02  2.35786E-02  2.41755E-02
  2.47875E-02  2.60584E-02  2.70001E-02  2.85011E-02  3.18278E-02  3.43067E-02
  4.08677E-02  4.63092E-02  5.24752E-02  5.65622E-02  6.73795E-02  7.20245E-02
  7.94987E-02  8.25034E-02  8.65170E-02  9.80365E-02  1.11090E-01  1.16786E-01
  1.22773E-01  1.29068E-01  1.35686E-01  1.42642E-01  1.49956E-01  1.57644E-01
  1.65727E-01  1.74224E-01  1.83156E-01  1.92547E-01  2.02419E-01  2.12797E-01
  2.23708E-01  2.35177E-01  2.47235E-01  2.73237E-01  2.87246E-01  2.94518E-01
  2.97211E-01  2.98491E-01  3.01974E-01  3.33733E-01  3.68832E-01  3.87742E-01
  4.07622E-01  4.50492E-01  4.97871E-01  5.23397E-01  5.50232E-01  5.78443E-01
  6.08101E-01  6.39279E-01  6.72055E-01  7.06512E-01  7.42736E-01  7.80817E-01
  8.20850E-01  8.62936E-01  9.07180E-01  9.61672E-01  1.00259E+00  1.10803E+00
  1.16484E+00  1.22456E+00  1.28735E+00  1.35335E+00  1.42274E+00  1.49569E+00
  1.57237E+00  1.65299E+00  1.73774E+00  1.82684E+00  1.92050E+00  2.01897E+00
  2.12248E+00  2.23130E+00  2.30693E+00  2.34570E+00  2.36533E+00  2.38513E+00
  2.46597E+00  2.59240E+00  2.72532E+00  2.86505E+00  3.01194E+00  3.16637E+00
  3.32871E+00  3.67879E+00  4.06570E+00  4.49329E+00  4.72367E+00  4.96585E+00
  5.22046E+00  5.48812E+00  5.76950E+00  6.06531E+00  6.37628E+00  6.59241E+00
  6.70320E+00  7.04688E+00  7.40818E+00  7.78801E+00  8.18731E+00  8.60708E+00
  9.04837E+00  9.51229E+00  1.00000E+01  1.05127E+01  1.10517E+01  1.16183E+01
  1.22140E+01  1.25232E+01  1.28403E+01  1.34986E+01  1.38403E+01  1.41907E+01
  1.45499E+01  1.49182E+01  1.56831E+01  1.64872E+01  1.69046E+01  1.73325E+01
  1.96403E+01
t        0
vals
  0.00000E+00 0.0000  8.74020E-11 0.6980  0.00000E+00 0.0000  6.05112E-11 1.0000
  0.00000E+00 0.0000  0.00000E+00 0.0000  3.62431E-11 1.0000  2.04502E-10 0.5254
  6.84570E-11 0.7389  5.58018E-11 0.8241  2.35365E-10 0.6053  4.20549E-10 0.4075
  3.20478E-10 0.3961  5.95576E-10 0.3327  4.00945E-10 0.3778  6.93724E-10 0.2872
  6.12041E-10 0.2838  6.75097E-10 0.2899  1.27172E-09 0.2108  1.39420E-09 0.1801
  2.50416E-09 0.1514  2.35039E-09 0.1584  3.74506E-09 0.1259  3.87154E-09 0.1134
  6.04891E-09 0.0987  7.06286E-09 0.0929  1.01945E-08 0.0753  1.18086E-08 0.0695
  1.47037E-08 0.0612  2.02791E-08 0.0530  2.67907E-08 0.0459  3.30137E-08 0.0413
  4.16311E-08 0.0365  5.43633E-08 0.0325  7.06660E-08 0.0282  8.98356E-08 0.0249
  4.18925E-08 0.0342  4.47949E-08 0.0329  2.53074E-08 0.0414  2.67410E-08 0.0399
  5.83504E-08 0.0288  6.24126E-08 0.0279  6.76767E-08 0.0268  1.11754E-07 0.0213
  2.48186E-07 0.0149  3.13196E-07 0.0133  4.08808E-07 0.0116  2.99577E-07 0.0131
  2.29598E-07 0.0145  6.85123E-07 0.0090  9.10398E-07 0.0078  5.55513E-07 0.0095
  3.67850E-07 0.0111  1.33440E-07 0.0174  1.40951E-07 0.0169  2.96708E-07 0.0120
  2.19833E-07 0.0137  3.37026E-07 0.0113  7.94396E-07 0.0078  5.70654E-07 0.0088
  1.50508E-06 0.0057  1.59134E-06 0.0055  1.95308E-06 0.0050  9.05525E-07 0.0065
  2.55294E-06 0.0045  1.10972E-06 0.0063  1.78028E-06 0.0051  7.45047E-07 0.0076
  1.26408E-06 0.0060  5.32697E-06 0.0032  2.70452E-06 0.0038  1.51896E-06 0.0051
  1.82640E-06 0.0048  1.73842E-06 0.0048  3.51402E-06 0.0035  2.96577E-06 0.0036
  1.75333E-06 0.0040  2.23683E-06 0.0039  2.50137E-06 0.0039  2.67542E-06 0.0038
  2.80637E-06 0.0038  2.88764E-06 0.0037  3.07174E-06 0.0036  3.26015E-06 0.0036
  3.67276E-06 0.0034  3.93812E-06 0.0033  3.64955E-06 0.0033  7.72437E-06 0.0024
  4.18852E-06 0.0032  2.22644E-06 0.0043  8.46409E-07 0.0070  4.00592E-07 0.0101
  1.14316E-06 0.0061  1.10340E-05 0.0021  1.14915E-05 0.0020  7.03956E-06 0.0025
  8.47261E-06 0.0023  1.37059E-05 0.0018  1.66542E-05 0.0017  9.08184E-06 0.0022
  9.34128E-06 0.0021  9.73813E-06 0.0021  1.20453E-05 0.0019  1.00985E-05 0.0020
  1.11167E-05 0.0019  1.37367E-05 0.0018  1.42762E-05 0.0017  1.30909E-05 0.0018
  1.54357E-05 0.0017  1.71709E-05 0.0016  1.53193E-05 0.0016  1.99984E-05 0.0015
  1.41763E-05 0.0017  3.82349E-05 0.0011  2.04594E-05 0.0014  2.35733E-05 0.0014
  2.34649E-05 0.0013  2.32411E-05 0.0013  2.46868E-05 0.0013  2.31033E-05 0.0013
  2.35075E-05 0.0013  2.39527E-05 0.0013  2.48372E-05 0.0013  2.44434E-05 0.0013
  2.49289E-05 0.0013  2.61670E-05 0.0013  2.59934E-05 0.0013  2.67465E-05 0.0012
  1.79329E-05 0.0015  8.88599E-06 0.0021  4.64947E-06 0.0029  4.53987E-06 0.0029
  1.86379E-05 0.0015  2.80049E-05 0.0012  2.78708E-05 0.0012  2.80815E-05 0.0012
  2.86029E-05 0.0012  2.86132E-05 0.0012  2.91846E-05 0.0012  5.88388E-05 0.0009
  6.11296E-05 0.0008  6.30360E-05 0.0008  3.25685E-05 0.0011  3.33546E-05 0.0011
  3.43784E-05 0.0011  3.55828E-05 0.0011  3.65579E-05 0.0011  3.77700E-05 0.0010
  3.89914E-05 0.0010  2.68298E-05 0.0012  1.36253E-05 0.0017  4.19383E-05 0.0010
  4.35287E-05 0.0010  4.53269E-05 0.0010  4.73429E-05 0.0009  4.93340E-05 0.0009
  5.16625E-05 0.0009  5.38128E-05 0.0009  5.62566E-05 0.0009  5.88648E-05 0.0008
  6.15324E-05 0.0008  6.42753E-05 0.0008  6.73131E-05 0.0008  3.49562E-05 0.0011
  3.58397E-05 0.0011  7.41895E-05 0.0007  3.85350E-05 0.0010  3.94854E-05 0.0010
  4.06176E-05 0.0010  4.15516E-05 0.0010  8.62246E-05 0.0007  9.02171E-05 0.0007
  4.67712E-05 0.0009  4.78408E-05 0.0009  2.55121E-04 0.0004  2.88991E-03 0.0001
tfc   14       1       1       1       1       1       1     176       1
    4096000  2.88960E-03  1.97932E-04  4.34665E+07
    8192000  2.88979E-03  1.39988E-04  4.34636E+07
   12288000  2.88975E-03  1.14258E-04  4.35197E+07
   16384000  2.88970E-03  0.00000E+00  1.00000E+30
   20480000  2.88973E-03  0.00000E+00  1.00000E+30
   24576000  2.88981E-03  0.00000E+00  1.00000E+30
   28672000  2.88983E-03  0.00000E+00  1.00000E+30
   32768000  2.88982E-03  0.00000E+00  1.00000E+30
   36864000  2.88994E-03  0.00000E+00  1.00000E+30
   40960000  2.88990E-03  0.00000E+00  1.00000E+30
   45056000  2.88989E-03  0.00000E+00  1.00000E+30
   49152000  2.88988E-03  0.00000E+00  1.00000E+30
   53248000  2.88985E-03  0.00000E+00  1.00000E+30
   56053455  2.88991E-03  0.00000E+00  1.00000E+30
tally   14    1    0
     Tally of the total xs reaction                                             
f        1
      1
d        1
u        0
s        0
m        1
c        0
et     176
  1.00001E-07  4.13994E-07  5.31579E-07  6.82560E-07  8.76425E-07  1.12300E-06
  1.44000E-06  1.85539E-06  2.38237E-06  3.05902E-06  3.92786E-06  5.04348E-06
  6.47595E-06  8.31529E-06  1.06770E-05  1.37096E-05  1.76035E-05  2.26033E-05
  2.90232E-05  3.72665E-05  4.78512E-05  6.14421E-05  7.88932E-05  1.01301E-04
  1.30073E-04  1.67017E-04  2.14454E-04  2.75364E-04  3.53575E-04  4.53999E-04
  5.82947E-04  7.48518E-04  9.61117E-04  1.23410E-03  1.58461E-03  2.03468E-03
  2.24867E-03  2.48517E-03  2.61259E-03  2.74654E-03  3.03539E-03  3.35463E-03
  3.70744E-03  4.30742E-03  5.53084E-03  7.10174E-03  9.11882E-03  1.05946E-02
  1.17088E-02  1.50344E-02  1.93045E-02  2.18749E-02  2.35786E-02  2.41755E-02
  2.47875E-02  2.60584E-02  2.70001E-02  2.85011E-02  3.18278E-02  3.43067E-02
  4.08677E-02  4.63092E-02  5.24752E-02  5.65622E-02  6.73795E-02  7.20245E-02
  7.94987E-02  8.25034E-02  8.65170E-02  9.80365E-02  1.11090E-01  1.16786E-01
  1.22773E-01  1.29068E-01  1.35686E-01  1.42642E-01  1.49956E-01  1.57644E-01
  1.65727E-01  1.74224E-01  1.83156E-01  1.92547E-01  2.02419E-01  2.12797E-01
  2.23708E-01  2.35177E-01  2.47235E-01  2.73237E-01  2.87246E-01  2.94518E-01
  2.97211E-01  2.98491E-01  3.01974E-01  3.33733E-01  3.68832E-01  3.87742E-01
  4.07622E-01  4.50492E-01  4.97871E-01  5.23397E-01  5.50232E-01  5.78443E-01
  6.08101E-01  6.39279E-01  6.72055E-01  7.06512E-01  7.42736E-01  7.80817E-01
  8.20850E-01  8.62936E-01  9.07180E-01  9.61672E-01  1.00259E+00  1.10803E+00
  1.16484E+00  1.22456E+00  1.28735E+00  1.35335E+00  1.42274E+00  1.49569E+00
  1.57237E+00  1.65299E+00  1.73774E+00  1.82684E+00  1.92050E+00  2.01897E+00
  2.12248E+00  2.23130E+00  2.30693E+00  2.34570E+00  2.36533E+00  2.38513E+00
  2.46597E+00  2.59240E+00  2.72532E+00  2.86505E+00  3.01194E+00  3.16637E+00
  3.32871E+00  3.67879E+00  4.06570E+00  4.49329E+00  4.72367E+00  4.96585E+00
  5.22046E+00  5.48812E+00  5.76950E+00  6.06531E+00  6.37628E+00  6.59241E+00
  6.70320E+00  7.04688E+00  7.40818E+00  7.78801E+00  8.18731E+00  8.60708E+00
  9.04837E+00  9.51229E+00  1.00000E+01  1.05127E+01  1.10517E+01  1.16183E+01
  1.22140E+01  1.25232E+01  1.28403E+01  1.34986E+01  1.38403E+01  1.41907E+01
  1.45499E+01  1.49182E+01  1.56831E+01  1.64872E+01  1.69046E+01  1.73325E+01
  1.96403E+01
t        0
vals
  0.00000E+00 0.0000  2.80292E-34 0.6973  0.00000E+00 0.0000  1.88311E-34 1.0000
  0.00000E+00 0.0000  0.00000E+00 0.0000  1.10961E-34 1.0000  6.23987E-34 0.5253
  2.08202E-34 0.7388  1.69042E-34 0.8240  7.11716E-34 0.6054  1.26849E-33 0.4075
  9.64198E-34 0.3961  1.78866E-33 0.3328  1.20187E-33 0.3778  2.07620E-33 0.2872
  1.82942E-33 0.2838  2.01518E-33 0.2899  3.79231E-33 0.2108  4.15299E-33 0.1801
  7.45173E-33 0.1514  6.98754E-33 0.1584  1.11238E-32 0.1259  1.14881E-32 0.1134
  1.79330E-32 0.0987  2.09166E-32 0.0929  3.01565E-32 0.0753  3.48860E-32 0.0695
  4.33730E-32 0.0612  5.97116E-32 0.0530  7.87117E-32 0.0459  9.67318E-32 0.0413
  1.21579E-31 0.0365  1.58121E-31 0.0325  2.04591E-31 0.0282  2.66416E-31 0.0250
  1.19919E-31 0.0342  1.27815E-31 0.0329  7.20238E-32 0.0414  7.59662E-32 0.0399
  1.65280E-31 0.0288  1.76060E-31 0.0279  1.90053E-31 0.0268  3.11900E-31 0.0213
  6.84744E-31 0.0149  8.49311E-31 0.0133  1.08509E-30 0.0116  7.80409E-31 0.0131
  6.00596E-31 0.0145  1.81954E-30 0.0090  2.47529E-30 0.0078  1.61030E-30 0.0095
  1.05148E-30 0.0116  3.65848E-31 0.0174  3.77863E-31 0.0169  7.34347E-31 0.0121
  5.88322E-31 0.0137  8.72764E-31 0.0114  1.85972E-30 0.0085  1.25760E-30 0.0093
  2.53880E-30 0.0058  1.40666E-30 0.0057  1.46280E-29 0.0059  7.28076E-30 0.0065
  9.19852E-30 0.0046  2.34130E-30 0.0063  2.65761E-30 0.0052  8.09496E-31 0.0076
  9.70066E-31 0.0060  2.60947E-29 0.0038  3.23622E-29 0.0038  6.99120E-30 0.0052
  5.99628E-30 0.0058  6.49972E-30 0.0050  5.43201E-30 0.0043  1.96510E-29 0.0040
  2.28501E-29 0.0040  1.77514E-29 0.0039  1.52086E-29 0.0039  1.36501E-29 0.0038
  1.27454E-29 0.0038  1.24315E-29 0.0038  1.18277E-29 0.0037  1.10268E-29 0.0036
  1.10356E-29 0.0034  1.27194E-29 0.0034  1.44705E-29 0.0036  2.37607E-29 0.0026
  1.00721E-29 0.0035  3.89362E-30 0.0044  1.27938E-30 0.0075  5.97848E-31 0.0101
  1.62433E-30 0.0061  2.82169E-29 0.0027  2.75424E-29 0.0023  1.67635E-29 0.0028
  2.32704E-29 0.0027  6.36686E-29 0.0019  6.20369E-29 0.0018  2.61721E-29 0.0022
  3.12211E-29 0.0023  2.77432E-29 0.0022  2.03199E-29 0.0023  4.33367E-29 0.0021
  3.33326E-29 0.0020  2.79203E-29 0.0020  3.14485E-29 0.0019  4.93730E-29 0.0019
  4.68072E-29 0.0018  4.18041E-29 0.0016  5.85750E-29 0.0017  5.76806E-29 0.0016
  4.85202E-29 0.0018  1.02773E-28 0.0012  6.02091E-29 0.0015  5.49207E-29 0.0015
  8.15309E-29 0.0014  7.57405E-29 0.0014  6.81368E-29 0.0014  8.35448E-29 0.0014
  7.66335E-29 0.0014  7.43063E-29 0.0014  7.31167E-29 0.0013  8.10007E-29 0.0013
  7.74102E-29 0.0013  7.71126E-29 0.0013  9.04142E-29 0.0013  9.06440E-29 0.0012
  6.63585E-29 0.0015  3.04366E-29 0.0021  1.32883E-29 0.0029  1.51379E-29 0.0029
  6.88689E-29 0.0015  9.70873E-29 0.0012  1.05883E-28 0.0012  1.01771E-28 0.0012
  1.01785E-28 0.0012  1.03183E-28 0.0012  1.06027E-28 0.0012  2.19446E-28 0.0009
  2.24009E-28 0.0008  2.35117E-28 0.0008  1.21896E-28 0.0011  1.24266E-28 0.0011
  1.26670E-28 0.0011  1.29571E-28 0.0011  1.33165E-28 0.0011  1.34560E-28 0.0010
  1.38615E-28 0.0010  9.31728E-29 0.0012  4.80744E-29 0.0017  1.44793E-28 0.0010
  1.47987E-28 0.0010  1.51010E-28 0.0010  1.53587E-28 0.0009  1.55198E-28 0.0009
  1.58294E-28 0.0009  1.61572E-28 0.0009  1.63405E-28 0.0009  1.64855E-28 0.0008
  1.68936E-28 0.0008  1.73165E-28 0.0008  1.75284E-28 0.0008  8.94143E-29 0.0011
  9.10550E-29 0.0011  1.86073E-28 0.0007  9.40681E-29 0.0010  9.54483E-29 0.0010
  9.77996E-29 0.0010  9.91564E-29 0.0010  2.01692E-28 0.0007  2.05530E-28 0.0007
  1.05379E-28 0.0009  1.07184E-28 0.0009  5.56629E-28 0.0004  8.68040E-27 0.0001
tfc   14       1       1       1       1       1       1     176       1
    4096000  8.67799E-27  2.69588E-04  2.34307E+07
    8192000  8.67967E-27  1.90826E-04  2.33899E+07
   12288000  8.67949E-27  1.55795E-04  2.34073E+07
   16384000  8.67967E-27  1.34952E-04  2.33487E+07
   20480000  8.67965E-27  1.20686E-04  2.33714E+07
   24576000  8.67987E-27  1.10185E-04  2.33690E+07
   28672000  8.67996E-27  1.02014E-04  2.33752E+07
   32768000  8.67997E-27  0.00000E+00  1.00000E+30
   36864000  8.68026E-27  0.00000E+00  1.00000E+30
   40960000  8.68033E-27  0.00000E+00  1.00000E+30
   45056000  8.68006E-27  0.00000E+00  1.00000E+30
   49152000  8.68006E-27  0.00000E+00  1.00000E+30
   53248000  8.68016E-27  0.00000E+00  1.00000E+30
   56053455  8.68040E-27  0.00000E+00  1.00000E+30
