mcnp       5     05/08/13 21:04:34     2    54966558      579495050
 Run-script for NE506 project - Matthew Klebenow                                
ntal     2
    4   14
tally    4    1    0
     Tally of the flux reported in VITAMIN-J 175Gp structure                    
f        1
      1
d        1
u        0
s        0
m        0
c        0
et     176
  1.00001E-07  4.13994E-07  5.31579E-07  6.82560E-07  8.76425E-07  1.12300E-06
  1.44000E-06  1.85539E-06  2.38237E-06  3.05902E-06  3.92786E-06  5.04348E-06
  6.47595E-06  8.31529E-06  1.06770E-05  1.37096E-05  1.76035E-05  2.26033E-05
  2.90232E-05  3.72665E-05  4.78512E-05  6.14421E-05  7.88932E-05  1.01301E-04
  1.30073E-04  1.67017E-04  2.14454E-04  2.75364E-04  3.53575E-04  4.53999E-04
  5.82947E-04  7.48518E-04  9.61117E-04  1.23410E-03  1.58461E-03  2.03468E-03
  2.24867E-03  2.48517E-03  2.61259E-03  2.74654E-03  3.03539E-03  3.35463E-03
  3.70744E-03  4.30742E-03  5.53084E-03  7.10174E-03  9.11882E-03  1.05946E-02
  1.17088E-02  1.50344E-02  1.93045E-02  2.18749E-02  2.35786E-02  2.41755E-02
  2.47875E-02  2.60584E-02  2.70001E-02  2.85011E-02  3.18278E-02  3.43067E-02
  4.08677E-02  4.63092E-02  5.24752E-02  5.65622E-02  6.73795E-02  7.20245E-02
  7.94987E-02  8.25034E-02  8.65170E-02  9.80365E-02  1.11090E-01  1.16786E-01
  1.22773E-01  1.29068E-01  1.35686E-01  1.42642E-01  1.49956E-01  1.57644E-01
  1.65727E-01  1.74224E-01  1.83156E-01  1.92547E-01  2.02419E-01  2.12797E-01
  2.23708E-01  2.35177E-01  2.47235E-01  2.73237E-01  2.87246E-01  2.94518E-01
  2.97211E-01  2.98491E-01  3.01974E-01  3.33733E-01  3.68832E-01  3.87742E-01
  4.07622E-01  4.50492E-01  4.97871E-01  5.23397E-01  5.50232E-01  5.78443E-01
  6.08101E-01  6.39279E-01  6.72055E-01  7.06512E-01  7.42736E-01  7.80817E-01
  8.20850E-01  8.62936E-01  9.07180E-01  9.61672E-01  1.00259E+00  1.10803E+00
  1.16484E+00  1.22456E+00  1.28735E+00  1.35335E+00  1.42274E+00  1.49569E+00
  1.57237E+00  1.65299E+00  1.73774E+00  1.82684E+00  1.92050E+00  2.01897E+00
  2.12248E+00  2.23130E+00  2.30693E+00  2.34570E+00  2.36533E+00  2.38513E+00
  2.46597E+00  2.59240E+00  2.72532E+00  2.86505E+00  3.01194E+00  3.16637E+00
  3.32871E+00  3.67879E+00  4.06570E+00  4.49329E+00  4.72367E+00  4.96585E+00
  5.22046E+00  5.48812E+00  5.76950E+00  6.06531E+00  6.37628E+00  6.59241E+00
  6.70320E+00  7.04688E+00  7.40818E+00  7.78801E+00  8.18731E+00  8.60708E+00
  9.04837E+00  9.51229E+00  1.00000E+01  1.05127E+01  1.10517E+01  1.16183E+01
  1.22140E+01  1.25232E+01  1.28403E+01  1.34986E+01  1.38403E+01  1.41907E+01
  1.45499E+01  1.49182E+01  1.56831E+01  1.64872E+01  1.69046E+01  1.73325E+01
  1.96403E+01
t        0
vals
  5.86898E-11 1.0000  1.24356E-10 0.5984  0.00000E+00 0.0000  1.99169E-12 1.0000
  1.83610E-12 1.0000  0.00000E+00 0.0000  3.40105E-11 1.0000  1.95572E-10 0.5062
  9.29078E-11 0.7073  1.12647E-10 0.6119  2.99446E-10 0.4638  2.48485E-10 0.4328
  3.12088E-10 0.3932  5.21975E-10 0.3366  6.03981E-10 0.3331  4.59478E-10 0.3638
  6.85010E-10 0.2504  6.33071E-10 0.2606  1.34891E-09 0.2021  1.63395E-09 0.1789
  2.59678E-09 0.1454  2.73555E-09 0.1429  3.66606E-09 0.1220  3.83517E-09 0.1141
  6.12480E-09 0.0936  6.57765E-09 0.0924  1.07520E-08 0.0749  1.19325E-08 0.0684
  1.52976E-08 0.0606  2.05950E-08 0.0525  2.71667E-08 0.0452  3.52860E-08 0.0396
  4.35292E-08 0.0351  5.65564E-08 0.0311  7.32875E-08 0.0271  9.30021E-08 0.0237
  4.25694E-08 0.0338  4.60768E-08 0.0324  2.41238E-08 0.0435  2.62809E-08 0.0418
  5.70183E-08 0.0288  8.71850E-08 0.0232  3.44097E-07 0.0122  1.39618E-07 0.0130
  6.49950E-07 0.0094  2.05035E-07 0.0107  6.76693E-07 0.0092  6.92800E-07 0.0087
  5.55753E-07 0.0093  1.27202E-06 0.0065  9.61564E-07 0.0075  6.05247E-07 0.0090
  6.72934E-07 0.0080  3.32026E-07 0.0101  3.65461E-07 0.0094  7.08295E-07 0.0066
  3.81907E-07 0.0076  3.17674E-07 0.0069  3.59783E-07 0.0067  4.62599E-07 0.0083
  1.49999E-06 0.0054  1.50579E-06 0.0052  2.84718E-06 0.0042  2.36101E-06 0.0041
  3.05267E-06 0.0036  1.42079E-06 0.0051  2.66378E-06 0.0039  9.29609E-07 0.0055
  1.50750E-06 0.0048  4.39618E-06 0.0033  6.15931E-06 0.0028  1.74177E-06 0.0044
  2.82922E-06 0.0038  2.69993E-06 0.0036  1.77102E-06 0.0038  1.99125E-06 0.0039
  2.37726E-06 0.0038  2.74981E-06 0.0037  3.45881E-06 0.0035  2.70187E-06 0.0037
  4.24175E-06 0.0031  2.99126E-06 0.0035  2.78258E-06 0.0037  3.69075E-06 0.0034
  4.06587E-06 0.0033  3.72334E-06 0.0033  4.39762E-06 0.0031  1.02530E-05 0.0021
  4.65510E-06 0.0030  2.37003E-06 0.0042  9.91909E-07 0.0065  5.16123E-07 0.0091
  1.47805E-06 0.0054  1.26130E-05 0.0020  1.55251E-05 0.0018  9.51206E-06 0.0021
  7.98569E-06 0.0022  1.67638E-05 0.0017  1.93613E-05 0.0015  9.97767E-06 0.0021
  1.08178E-05 0.0020  1.09348E-05 0.0020  1.17099E-05 0.0019  1.34791E-05 0.0018
  1.45797E-05 0.0017  1.50712E-05 0.0017  1.58562E-05 0.0016  1.54165E-05 0.0016
  1.56694E-05 0.0016  1.67385E-05 0.0016  1.71820E-05 0.0016  2.27534E-05 0.0014
  1.63787E-05 0.0016  4.10628E-05 0.0010  2.21391E-05 0.0014  2.37842E-05 0.0013
  2.29779E-05 0.0014  2.43693E-05 0.0013  2.47762E-05 0.0013  2.55140E-05 0.0013
  2.63939E-05 0.0013  2.65501E-05 0.0013  2.75004E-05 0.0012  2.85504E-05 0.0012
  2.82548E-05 0.0012  2.84930E-05 0.0012  2.92015E-05 0.0012  2.97975E-05 0.0012
  2.04748E-05 0.0014  1.00066E-05 0.0020  5.29502E-06 0.0028  5.32299E-06 0.0027
  2.07306E-05 0.0014  3.04585E-05 0.0012  3.11011E-05 0.0012  3.09771E-05 0.0012
  3.15904E-05 0.0012  3.15434E-05 0.0012  3.16444E-05 0.0012  6.41414E-05 0.0008
  6.52555E-05 0.0008  6.65535E-05 0.0008  3.39553E-05 0.0011  3.43921E-05 0.0011
  3.51322E-05 0.0011  3.59513E-05 0.0011  3.68425E-05 0.0011  3.78910E-05 0.0011
  3.90489E-05 0.0010  2.67258E-05 0.0013  1.35562E-05 0.0018  4.17484E-05 0.0010
  4.32863E-05 0.0010  4.49311E-05 0.0010  4.67143E-05 0.0010  4.86119E-05 0.0009
  5.09044E-05 0.0009  5.30523E-05 0.0009  5.55986E-05 0.0009  5.82448E-05 0.0009
  6.10017E-05 0.0008  6.38849E-05 0.0008  6.70046E-05 0.0008  3.48034E-05 0.0011
  3.57614E-05 0.0011  7.42894E-05 0.0008  3.85698E-05 0.0010  3.94912E-05 0.0010
  4.05911E-05 0.0010  4.14239E-05 0.0010  8.60117E-05 0.0007  9.03025E-05 0.0007
  4.69540E-05 0.0009  4.82056E-05 0.0009  2.59109E-04 0.0004  3.01401E-03 0.0001
tfc   14       1       1       1       1       1       1     176       1
    4096000  3.01361E-03  2.25106E-04  3.29804E+07
    8192000  3.01430E-03  1.59229E-04  3.29265E+07
   12288000  3.01418E-03  1.29980E-04  3.29447E+07
   16384000  3.01393E-03  1.12540E-04  3.29583E+07
   20480000  3.01387E-03  1.00653E-04  3.29637E+07
   24576000  3.01404E-03  0.00000E+00  1.00000E+30
   28672000  3.01390E-03  0.00000E+00  1.00000E+30
   32768000  3.01392E-03  0.00000E+00  1.00000E+30
   36864000  3.01409E-03  0.00000E+00  1.00000E+30
   40960000  3.01401E-03  0.00000E+00  1.00000E+30
   45056000  3.01406E-03  0.00000E+00  1.00000E+30
   49152000  3.01401E-03  0.00000E+00  1.00000E+30
   53248000  3.01398E-03  0.00000E+00  1.00000E+30
   54966558  3.01401E-03  0.00000E+00  1.00000E+30
tally   14    1    0
     Tally of the total xs reaction                                             
f        1
      1
d        1
u        0
s        0
m        1
c        0
et     176
  1.00001E-07  4.13994E-07  5.31579E-07  6.82560E-07  8.76425E-07  1.12300E-06
  1.44000E-06  1.85539E-06  2.38237E-06  3.05902E-06  3.92786E-06  5.04348E-06
  6.47595E-06  8.31529E-06  1.06770E-05  1.37096E-05  1.76035E-05  2.26033E-05
  2.90232E-05  3.72665E-05  4.78512E-05  6.14421E-05  7.88932E-05  1.01301E-04
  1.30073E-04  1.67017E-04  2.14454E-04  2.75364E-04  3.53575E-04  4.53999E-04
  5.82947E-04  7.48518E-04  9.61117E-04  1.23410E-03  1.58461E-03  2.03468E-03
  2.24867E-03  2.48517E-03  2.61259E-03  2.74654E-03  3.03539E-03  3.35463E-03
  3.70744E-03  4.30742E-03  5.53084E-03  7.10174E-03  9.11882E-03  1.05946E-02
  1.17088E-02  1.50344E-02  1.93045E-02  2.18749E-02  2.35786E-02  2.41755E-02
  2.47875E-02  2.60584E-02  2.70001E-02  2.85011E-02  3.18278E-02  3.43067E-02
  4.08677E-02  4.63092E-02  5.24752E-02  5.65622E-02  6.73795E-02  7.20245E-02
  7.94987E-02  8.25034E-02  8.65170E-02  9.80365E-02  1.11090E-01  1.16786E-01
  1.22773E-01  1.29068E-01  1.35686E-01  1.42642E-01  1.49956E-01  1.57644E-01
  1.65727E-01  1.74224E-01  1.83156E-01  1.92547E-01  2.02419E-01  2.12797E-01
  2.23708E-01  2.35177E-01  2.47235E-01  2.73237E-01  2.87246E-01  2.94518E-01
  2.97211E-01  2.98491E-01  3.01974E-01  3.33733E-01  3.68832E-01  3.87742E-01
  4.07622E-01  4.50492E-01  4.97871E-01  5.23397E-01  5.50232E-01  5.78443E-01
  6.08101E-01  6.39279E-01  6.72055E-01  7.06512E-01  7.42736E-01  7.80817E-01
  8.20850E-01  8.62936E-01  9.07180E-01  9.61672E-01  1.00259E+00  1.10803E+00
  1.16484E+00  1.22456E+00  1.28735E+00  1.35335E+00  1.42274E+00  1.49569E+00
  1.57237E+00  1.65299E+00  1.73774E+00  1.82684E+00  1.92050E+00  2.01897E+00
  2.12248E+00  2.23130E+00  2.30693E+00  2.34570E+00  2.36533E+00  2.38513E+00
  2.46597E+00  2.59240E+00  2.72532E+00  2.86505E+00  3.01194E+00  3.16637E+00
  3.32871E+00  3.67879E+00  4.06570E+00  4.49329E+00  4.72367E+00  4.96585E+00
  5.22046E+00  5.48812E+00  5.76950E+00  6.06531E+00  6.37628E+00  6.59241E+00
  6.70320E+00  7.04688E+00  7.40818E+00  7.78801E+00  8.18731E+00  8.60708E+00
  9.04837E+00  9.51229E+00  1.00000E+01  1.05127E+01  1.10517E+01  1.16183E+01
  1.22140E+01  1.25232E+01  1.28403E+01  1.34986E+01  1.38403E+01  1.41907E+01
  1.45499E+01  1.49182E+01  1.56831E+01  1.64872E+01  1.69046E+01  1.73325E+01
  1.96403E+01
t        0
vals
  2.27803E-34 1.0000  4.23134E-34 0.5911  0.00000E+00 0.0000  6.17262E-36 1.0000
  5.62338E-36 1.0000  0.00000E+00 0.0000  9.94218E-35 1.0000  5.65518E-34 0.5060
  2.65694E-34 0.7073  3.17903E-34 0.6119  8.36974E-34 0.4643  6.89628E-34 0.4328
  8.58297E-34 0.3932  1.42628E-33 0.3366  1.63860E-33 0.3333  1.23917E-33 0.3638
  1.83759E-33 0.2504  1.68919E-33 0.2606  3.58358E-33 0.2021  4.31948E-33 0.1790
  6.83326E-33 0.1454  7.16224E-33 0.1429  9.54619E-33 0.1220  9.92854E-33 0.1141
  1.57599E-32 0.0936  1.67967E-32 0.0925  2.72223E-32 0.0749  2.98815E-32 0.0684
  3.77951E-32 0.0606  5.00104E-32 0.0525  6.44991E-32 0.0453  8.12975E-32 0.0396
  9.63016E-32 0.0351  1.17885E-31 0.0311  1.40181E-31 0.0271  1.61015E-31 0.0243
  6.00205E-32 0.0338  5.61420E-32 0.0324  2.52317E-32 0.0435  2.40949E-32 0.0418
  4.00361E-32 0.0290  5.11708E-32 0.0233  1.31712E-30 0.0132  6.68268E-30 0.0124
  1.16682E-29 0.0093  1.37579E-29 0.0103  6.70841E-30 0.0094  3.36363E-30 0.0088
  2.11267E-30 0.0093  4.13842E-30 0.0068  3.62388E-30 0.0076  2.61313E-30 0.0090
  3.66457E-30 0.0080  2.24819E-30 0.0101  2.92566E-30 0.0094  7.92675E-30 0.0066
  7.05843E-30 0.0076  1.16983E-29 0.0068  1.95169E-29 0.0064  7.45571E-30 0.0082
  1.01573E-29 0.0054  1.36044E-29 0.0058  2.01727E-29 0.0044  2.41715E-29 0.0041
  6.70908E-29 0.0036  1.48547E-29 0.0051  3.07124E-29 0.0040  1.26258E-29 0.0055
  1.37001E-29 0.0048  2.82006E-29 0.0033  3.49628E-29 0.0030  1.77027E-29 0.0044
  1.05377E-29 0.0038  2.44583E-29 0.0037  3.19392E-29 0.0038  2.46929E-29 0.0039
  2.20745E-29 0.0038  1.82737E-29 0.0037  1.47640E-29 0.0035  2.13672E-29 0.0038
  1.59095E-29 0.0033  2.53633E-29 0.0036  1.93716E-29 0.0037  1.21789E-29 0.0034
  1.16101E-29 0.0040  1.35186E-29 0.0034  1.09375E-29 0.0035  1.86915E-29 0.0024
  1.99336E-29 0.0034  6.62648E-30 0.0044  1.81230E-30 0.0065  8.14595E-31 0.0091
  2.14796E-30 0.0059  3.39642E-29 0.0024  4.03297E-29 0.0022  2.76703E-29 0.0026
  4.40619E-29 0.0023  7.50612E-29 0.0017  6.16831E-29 0.0016  3.46047E-29 0.0021
  3.06787E-29 0.0021  3.15394E-29 0.0022  2.39008E-29 0.0020  2.35776E-29 0.0020
  2.96649E-29 0.0020  4.08469E-29 0.0019  5.07811E-29 0.0018  6.16988E-29 0.0017
  5.73875E-29 0.0017  4.37225E-29 0.0017  4.49088E-29 0.0017  4.30286E-29 0.0015
  4.61353E-29 0.0017  1.05815E-28 0.0011  5.18600E-29 0.0015  5.40041E-29 0.0014
  7.02407E-29 0.0014  7.16711E-29 0.0014  6.47613E-29 0.0014  7.91026E-29 0.0014
  8.56465E-29 0.0013  7.73375E-29 0.0013  7.40229E-29 0.0013  7.48965E-29 0.0013
  8.06968E-29 0.0013  9.12246E-29 0.0012  9.71061E-29 0.0012  9.24551E-29 0.0012
  5.72362E-29 0.0015  3.38349E-29 0.0020  1.33042E-29 0.0028  1.55632E-29 0.0028
  7.15896E-29 0.0014  1.14537E-28 0.0012  1.01926E-28 0.0012  1.04175E-28 0.0012
  1.03075E-28 0.0012  1.11061E-28 0.0012  1.06961E-28 0.0012  2.18112E-28 0.0008
  2.34146E-28 0.0008  2.43772E-28 0.0008  1.26992E-28 0.0011  1.27651E-28 0.0011
  1.29138E-28 0.0011  1.32904E-28 0.0011  1.35376E-28 0.0011  1.39117E-28 0.0011
  1.41396E-28 0.0010  9.80048E-29 0.0013  4.93690E-29 0.0018  1.49936E-28 0.0010
  1.54412E-28 0.0010  1.57457E-28 0.0010  1.60528E-28 0.0010  1.64387E-28 0.0009
  1.65876E-28 0.0009  1.71483E-28 0.0009  1.75832E-28 0.0009  1.79943E-28 0.0009
  1.83976E-28 0.0008  1.87459E-28 0.0008  1.89950E-28 0.0008  9.59328E-29 0.0011
  9.74768E-29 0.0011  1.99371E-28 0.0008  1.01486E-28 0.0010  1.02505E-28 0.0010
  1.03736E-28 0.0010  1.04366E-28 0.0010  2.12287E-28 0.0007  2.16750E-28 0.0007
  1.10340E-28 0.0009  1.11899E-28 0.0009  5.90549E-28 0.0004  9.44787E-27 0.0001
tfc   14       1       1       1       1       1       1     176       1
    4096000  9.44969E-27  3.71168E-04  1.21307E+07
    8192000  9.44947E-27  2.62087E-04  1.21534E+07
   12288000  9.44771E-27  2.13883E-04  1.21670E+07
   16384000  9.44641E-27  1.85020E-04  1.21940E+07
   20480000  9.44573E-27  1.65463E-04  1.21980E+07
   24576000  9.44640E-27  1.51143E-04  1.21824E+07
   28672000  9.44614E-27  1.39977E-04  1.21744E+07
   32768000  9.44599E-27  1.30908E-04  1.21797E+07
   36864000  9.44715E-27  1.23471E-04  1.21681E+07
   40960000  9.44740E-27  1.17187E-04  1.21576E+07
   45056000  9.44753E-27  1.11712E-04  1.21621E+07
   49152000  9.44785E-27  1.07016E-04  1.21477E+07
   53248000  9.44770E-27  1.02806E-04  1.21508E+07
   54966558  9.44787E-27  1.01182E-04  1.21502E+07
