mcnp       5     05/08/13 21:08:03     2    55203624      583134702
 Run-script for NE506 project - Matthew Klebenow                                
ntal     2
    4   14
tally    4    1    0
     Tally of the flux reported in VITAMIN-J 175Gp structure                    
f        1
      1
d        1
u        0
s        0
m        0
c        0
et     176
  1.00001E-07  4.13994E-07  5.31579E-07  6.82560E-07  8.76425E-07  1.12300E-06
  1.44000E-06  1.85539E-06  2.38237E-06  3.05902E-06  3.92786E-06  5.04348E-06
  6.47595E-06  8.31529E-06  1.06770E-05  1.37096E-05  1.76035E-05  2.26033E-05
  2.90232E-05  3.72665E-05  4.78512E-05  6.14421E-05  7.88932E-05  1.01301E-04
  1.30073E-04  1.67017E-04  2.14454E-04  2.75364E-04  3.53575E-04  4.53999E-04
  5.82947E-04  7.48518E-04  9.61117E-04  1.23410E-03  1.58461E-03  2.03468E-03
  2.24867E-03  2.48517E-03  2.61259E-03  2.74654E-03  3.03539E-03  3.35463E-03
  3.70744E-03  4.30742E-03  5.53084E-03  7.10174E-03  9.11882E-03  1.05946E-02
  1.17088E-02  1.50344E-02  1.93045E-02  2.18749E-02  2.35786E-02  2.41755E-02
  2.47875E-02  2.60584E-02  2.70001E-02  2.85011E-02  3.18278E-02  3.43067E-02
  4.08677E-02  4.63092E-02  5.24752E-02  5.65622E-02  6.73795E-02  7.20245E-02
  7.94987E-02  8.25034E-02  8.65170E-02  9.80365E-02  1.11090E-01  1.16786E-01
  1.22773E-01  1.29068E-01  1.35686E-01  1.42642E-01  1.49956E-01  1.57644E-01
  1.65727E-01  1.74224E-01  1.83156E-01  1.92547E-01  2.02419E-01  2.12797E-01
  2.23708E-01  2.35177E-01  2.47235E-01  2.73237E-01  2.87246E-01  2.94518E-01
  2.97211E-01  2.98491E-01  3.01974E-01  3.33733E-01  3.68832E-01  3.87742E-01
  4.07622E-01  4.50492E-01  4.97871E-01  5.23397E-01  5.50232E-01  5.78443E-01
  6.08101E-01  6.39279E-01  6.72055E-01  7.06512E-01  7.42736E-01  7.80817E-01
  8.20850E-01  8.62936E-01  9.07180E-01  9.61672E-01  1.00259E+00  1.10803E+00
  1.16484E+00  1.22456E+00  1.28735E+00  1.35335E+00  1.42274E+00  1.49569E+00
  1.57237E+00  1.65299E+00  1.73774E+00  1.82684E+00  1.92050E+00  2.01897E+00
  2.12248E+00  2.23130E+00  2.30693E+00  2.34570E+00  2.36533E+00  2.38513E+00
  2.46597E+00  2.59240E+00  2.72532E+00  2.86505E+00  3.01194E+00  3.16637E+00
  3.32871E+00  3.67879E+00  4.06570E+00  4.49329E+00  4.72367E+00  4.96585E+00
  5.22046E+00  5.48812E+00  5.76950E+00  6.06531E+00  6.37628E+00  6.59241E+00
  6.70320E+00  7.04688E+00  7.40818E+00  7.78801E+00  8.18731E+00  8.60708E+00
  9.04837E+00  9.51229E+00  1.00000E+01  1.05127E+01  1.10517E+01  1.16183E+01
  1.22140E+01  1.25232E+01  1.28403E+01  1.34986E+01  1.38403E+01  1.41907E+01
  1.45499E+01  1.49182E+01  1.56831E+01  1.64872E+01  1.69046E+01  1.73325E+01
  1.96403E+01
t        0
vals
  0.00000E+00 0.0000  1.04526E-11 1.0000  0.00000E+00 0.0000  0.00000E+00 0.0000
  0.00000E+00 0.0000  0.00000E+00 0.0000  2.09348E-11 1.0000  1.54138E-10 0.5201
  4.52869E-11 1.0000  4.52869E-11 1.0000  1.14868E-10 0.6656  2.31712E-10 0.4228
  1.71164E-10 0.5073  4.40146E-10 0.3520  3.74442E-10 0.3928  4.09799E-10 0.3654
  5.84524E-10 0.2748  4.67214E-10 0.3107  1.00305E-09 0.2237  1.17337E-09 0.1961
  1.85119E-09 0.1618  1.86100E-09 0.1669  2.82636E-09 0.1417  2.90408E-09 0.1287
  5.18529E-09 0.1081  8.25221E-09 0.0796  2.22204E-08 0.0457  2.35407E-08 0.0376
  3.68940E-09 0.0383  8.02601E-09 0.0400  2.66086E-08 0.0380  4.37197E-08 0.0335
  4.79859E-08 0.0309  6.41078E-08 0.0257  2.04248E-07 0.0172  8.93674E-08 0.0159
  7.81954E-09 0.0179  4.06028E-09 0.0183  3.60493E-09 0.0231  5.67474E-09 0.0234
  2.07569E-08 0.0212  3.54765E-08 0.0230  4.71658E-08 0.0243  9.29488E-08 0.0222
  2.23765E-07 0.0162  6.23592E-07 0.0101  3.08278E-07 0.0109  2.14680E-07 0.0135
  2.14804E-07 0.0146  6.40456E-07 0.0093  1.25989E-06 0.0066  4.60957E-07 0.0093
  4.85417E-07 0.0093  4.11178E-08 0.0192  1.04183E-07 0.0173  4.73799E-07 0.0094
  2.20396E-07 0.0131  1.74498E-07 0.0129  6.91781E-07 0.0082  1.53888E-06 0.0056
  1.47447E-06 0.0054  1.10511E-06 0.0063  1.46196E-06 0.0058  1.55684E-06 0.0054
  3.26500E-06 0.0041  1.47361E-06 0.0053  2.19677E-06 0.0046  9.98628E-07 0.0061
  1.23156E-06 0.0057  4.24034E-06 0.0034  4.93511E-06 0.0032  1.67141E-06 0.0045
  2.08152E-06 0.0043  2.49398E-06 0.0040  1.74389E-06 0.0044  2.21341E-06 0.0042
  2.35069E-06 0.0042  2.82333E-06 0.0039  2.66087E-06 0.0039  3.26306E-06 0.0036
  3.28489E-06 0.0035  3.31721E-06 0.0035  3.58117E-06 0.0034  3.84881E-06 0.0033
  3.94592E-06 0.0032  4.08771E-06 0.0032  4.39992E-06 0.0031  9.89982E-06 0.0022
  5.49434E-06 0.0028  2.82300E-06 0.0037  1.03101E-06 0.0060  4.88994E-07 0.0087
  1.34117E-06 0.0053  1.21678E-05 0.0020  1.39792E-05 0.0018  7.88724E-06 0.0023
  8.22686E-06 0.0022  1.72418E-05 0.0016  1.81884E-05 0.0016  9.75841E-06 0.0021
  1.05974E-05 0.0020  1.19420E-05 0.0019  1.16223E-05 0.0019  1.30364E-05 0.0018
  1.27248E-05 0.0018  1.40334E-05 0.0017  1.42052E-05 0.0017  1.52239E-05 0.0017
  1.61964E-05 0.0016  1.75596E-05 0.0016  1.74804E-05 0.0016  2.17079E-05 0.0014
  1.61894E-05 0.0016  4.08595E-05 0.0011  2.12895E-05 0.0014  2.27795E-05 0.0014
  2.28727E-05 0.0014  2.32975E-05 0.0013  2.45054E-05 0.0013  2.47888E-05 0.0013
  2.55988E-05 0.0013  2.59843E-05 0.0013  2.62849E-05 0.0013  2.72921E-05 0.0012
  2.69761E-05 0.0012  2.75173E-05 0.0012  2.76803E-05 0.0012  2.80569E-05 0.0012
  1.88784E-05 0.0015  9.40392E-06 0.0021  4.72282E-06 0.0029  4.70702E-06 0.0029
  1.88442E-05 0.0015  2.86750E-05 0.0012  2.88073E-05 0.0012  2.90500E-05 0.0012
  2.93717E-05 0.0012  2.96579E-05 0.0012  2.99903E-05 0.0012  6.07053E-05 0.0009
  6.19761E-05 0.0008  6.40132E-05 0.0008  3.29564E-05 0.0011  3.35021E-05 0.0011
  3.44730E-05 0.0011  3.54540E-05 0.0011  3.66006E-05 0.0011  3.77735E-05 0.0011
  3.90620E-05 0.0010  2.68707E-05 0.0013  1.36590E-05 0.0017  4.21244E-05 0.0010
  4.36923E-05 0.0010  4.54664E-05 0.0010  4.72978E-05 0.0009  4.92733E-05 0.0009
  5.16094E-05 0.0009  5.38116E-05 0.0009  5.63069E-05 0.0009  5.90997E-05 0.0008
  6.17891E-05 0.0008  6.46002E-05 0.0008  6.76068E-05 0.0008  3.50689E-05 0.0011
  3.59979E-05 0.0011  7.45170E-05 0.0007  3.86172E-05 0.0010  3.95228E-05 0.0010
  4.06485E-05 0.0010  4.15724E-05 0.0010  8.63547E-05 0.0007  9.05778E-05 0.0007
  4.70633E-05 0.0009  4.81862E-05 0.0009  2.57373E-04 0.0004  2.96433E-03 0.0001
tfc   14       1       1       1       1       1       1     176       1
    4096000  2.96375E-03  2.12415E-04  3.72506E+07
    8192000  2.96424E-03  1.50255E-04  3.72383E+07
   12288000  2.96425E-03  1.22621E-04  3.71557E+07
   16384000  2.96410E-03  1.06187E-04  3.71837E+07
   20480000  2.96427E-03  0.00000E+00  1.00000E+30
   24576000  2.96438E-03  0.00000E+00  1.00000E+30
   28672000  2.96427E-03  0.00000E+00  1.00000E+30
   32768000  2.96429E-03  0.00000E+00  1.00000E+30
   36864000  2.96437E-03  0.00000E+00  1.00000E+30
   40960000  2.96431E-03  0.00000E+00  1.00000E+30
   45056000  2.96430E-03  0.00000E+00  1.00000E+30
   49152000  2.96432E-03  0.00000E+00  1.00000E+30
   53248000  2.96431E-03  0.00000E+00  1.00000E+30
   55203624  2.96433E-03  0.00000E+00  1.00000E+30
tally   14    1    0
     Tally of the total xs reaction                                             
f        1
      1
d        1
u        0
s        0
m        1
c        0
et     176
  1.00001E-07  4.13994E-07  5.31579E-07  6.82560E-07  8.76425E-07  1.12300E-06
  1.44000E-06  1.85539E-06  2.38237E-06  3.05902E-06  3.92786E-06  5.04348E-06
  6.47595E-06  8.31529E-06  1.06770E-05  1.37096E-05  1.76035E-05  2.26033E-05
  2.90232E-05  3.72665E-05  4.78512E-05  6.14421E-05  7.88932E-05  1.01301E-04
  1.30073E-04  1.67017E-04  2.14454E-04  2.75364E-04  3.53575E-04  4.53999E-04
  5.82947E-04  7.48518E-04  9.61117E-04  1.23410E-03  1.58461E-03  2.03468E-03
  2.24867E-03  2.48517E-03  2.61259E-03  2.74654E-03  3.03539E-03  3.35463E-03
  3.70744E-03  4.30742E-03  5.53084E-03  7.10174E-03  9.11882E-03  1.05946E-02
  1.17088E-02  1.50344E-02  1.93045E-02  2.18749E-02  2.35786E-02  2.41755E-02
  2.47875E-02  2.60584E-02  2.70001E-02  2.85011E-02  3.18278E-02  3.43067E-02
  4.08677E-02  4.63092E-02  5.24752E-02  5.65622E-02  6.73795E-02  7.20245E-02
  7.94987E-02  8.25034E-02  8.65170E-02  9.80365E-02  1.11090E-01  1.16786E-01
  1.22773E-01  1.29068E-01  1.35686E-01  1.42642E-01  1.49956E-01  1.57644E-01
  1.65727E-01  1.74224E-01  1.83156E-01  1.92547E-01  2.02419E-01  2.12797E-01
  2.23708E-01  2.35177E-01  2.47235E-01  2.73237E-01  2.87246E-01  2.94518E-01
  2.97211E-01  2.98491E-01  3.01974E-01  3.33733E-01  3.68832E-01  3.87742E-01
  4.07622E-01  4.50492E-01  4.97871E-01  5.23397E-01  5.50232E-01  5.78443E-01
  6.08101E-01  6.39279E-01  6.72055E-01  7.06512E-01  7.42736E-01  7.80817E-01
  8.20850E-01  8.62936E-01  9.07180E-01  9.61672E-01  1.00259E+00  1.10803E+00
  1.16484E+00  1.22456E+00  1.28735E+00  1.35335E+00  1.42274E+00  1.49569E+00
  1.57237E+00  1.65299E+00  1.73774E+00  1.82684E+00  1.92050E+00  2.01897E+00
  2.12248E+00  2.23130E+00  2.30693E+00  2.34570E+00  2.36533E+00  2.38513E+00
  2.46597E+00  2.59240E+00  2.72532E+00  2.86505E+00  3.01194E+00  3.16637E+00
  3.32871E+00  3.67879E+00  4.06570E+00  4.49329E+00  4.72367E+00  4.96585E+00
  5.22046E+00  5.48812E+00  5.76950E+00  6.06531E+00  6.37628E+00  6.59241E+00
  6.70320E+00  7.04688E+00  7.40818E+00  7.78801E+00  8.18731E+00  8.60708E+00
  9.04837E+00  9.51229E+00  1.00000E+01  1.05127E+01  1.10517E+01  1.16183E+01
  1.22140E+01  1.25232E+01  1.28403E+01  1.34986E+01  1.38403E+01  1.41907E+01
  1.45499E+01  1.49182E+01  1.56831E+01  1.64872E+01  1.69046E+01  1.73325E+01
  1.96403E+01
t        0
vals
  0.00000E+00 0.0000  7.50124E-35 1.0000  0.00000E+00 0.0000  0.00000E+00 0.0000
  0.00000E+00 0.0000  0.00000E+00 0.0000  8.36896E-35 1.0000  5.90361E-34 0.5198
  1.64346E-34 1.0000  1.55365E-34 1.0000  3.81622E-34 0.6667  7.44932E-34 0.4228
  5.30722E-34 0.5073  1.32288E-33 0.3520  1.09563E-33 0.3934  1.17344E-33 0.3656
  1.64940E-33 0.2747  1.30579E-33 0.3107  2.79843E-33 0.2237  3.29563E-33 0.1961
  5.30739E-33 0.1618  5.55086E-33 0.1669  9.01968E-33 0.1417  1.04581E-32 0.1285
  2.24887E-32 0.1082  5.13771E-32 0.0793  2.52658E-31 0.0451  7.45240E-31 0.0371
  1.06441E-30 0.0354  9.87651E-31 0.0377  8.59417E-31 0.0377  8.78567E-31 0.0336
  1.05193E-30 0.0309  1.08345E-30 0.0285  3.49696E-30 0.0169  5.90450E-30 0.0155
  2.55682E-30 0.0176  2.39092E-30 0.0182  1.10714E-30 0.0228  9.92465E-31 0.0233
  1.78443E-30 0.0209  1.48569E-30 0.0228  1.12396E-30 0.0242  1.22615E-30 0.0223
  1.26250E-30 0.0168  6.26054E-30 0.0106  1.09871E-29 0.0105  4.10798E-30 0.0132
  1.60820E-30 0.0147  2.37357E-30 0.0097  3.00860E-30 0.0081  7.68962E-30 0.0094
  2.56406E-30 0.0107  1.40487E-30 0.0177  9.79902E-31 0.0174  1.22184E-30 0.0108
  2.03966E-30 0.0139  2.76899E-30 0.0124  2.06934E-30 0.0094  2.29564E-30 0.0081
  2.23789E-29 0.0056  1.11392E-29 0.0064  5.93977E-30 0.0060  2.52405E-30 0.0076
  2.42031E-29 0.0044  1.09301E-29 0.0054  1.67527E-29 0.0048  6.07887E-30 0.0063
  7.83700E-30 0.0061  1.72429E-29 0.0038  3.55348E-29 0.0033  1.51372E-29 0.0046
  1.32681E-29 0.0043  1.37840E-29 0.0042  1.61259E-29 0.0045  1.19111E-29 0.0043
  1.07494E-29 0.0042  1.02372E-29 0.0039  1.25017E-29 0.0039  1.07332E-29 0.0036
  1.34417E-29 0.0036  1.49935E-29 0.0036  1.41937E-29 0.0034  1.49843E-29 0.0033
  1.60123E-29 0.0032  1.61122E-29 0.0032  1.59894E-29 0.0031  3.39629E-29 0.0022
  1.91023E-29 0.0028  1.04181E-29 0.0037  3.90935E-30 0.0060  1.87260E-30 0.0087
  5.11832E-30 0.0053  4.45244E-29 0.0020  4.91541E-29 0.0018  2.92838E-29 0.0023
  3.39113E-29 0.0022  7.19788E-29 0.0016  7.58277E-29 0.0016  3.29556E-29 0.0021
  3.25418E-29 0.0021  3.21689E-29 0.0019  4.22175E-29 0.0019  4.29482E-29 0.0019
  4.45756E-29 0.0018  4.29455E-29 0.0018  4.68637E-29 0.0017  4.55045E-29 0.0017
  4.76703E-29 0.0016  5.10282E-29 0.0016  5.93646E-29 0.0016  6.90945E-29 0.0014
  5.32594E-29 0.0016  1.31415E-28 0.0011  7.40049E-29 0.0014  7.50700E-29 0.0014
  8.28637E-29 0.0014  8.28736E-29 0.0013  8.06173E-29 0.0013  8.53479E-29 0.0013
  8.56658E-29 0.0013  9.10538E-29 0.0013  9.03735E-29 0.0013  9.25447E-29 0.0012
  9.98266E-29 0.0012  9.51875E-29 0.0012  9.96916E-29 0.0012  9.83919E-29 0.0012
  6.66491E-29 0.0015  3.42753E-29 0.0021  1.67994E-29 0.0029  1.70954E-29 0.0029
  6.98293E-29 0.0015  1.03053E-28 0.0012  1.05759E-28 0.0012  1.07219E-28 0.0012
  1.06479E-28 0.0012  1.09736E-28 0.0012  1.12618E-28 0.0012  2.28024E-28 0.0009
  2.31623E-28 0.0008  2.38084E-28 0.0008  1.22478E-28 0.0011  1.24232E-28 0.0011
  1.27444E-28 0.0011  1.29986E-28 0.0011  1.33139E-28 0.0011  1.36496E-28 0.0011
  1.40153E-28 0.0010  9.57825E-29 0.0013  4.84094E-29 0.0017  1.47996E-28 0.0010
  1.51249E-28 0.0010  1.54920E-28 0.0010  1.58619E-28 0.0009  1.62004E-28 0.0009
  1.67802E-28 0.0009  1.71673E-28 0.0009  1.74627E-28 0.0009  1.78692E-28 0.0008
  1.82021E-28 0.0008  1.85088E-28 0.0008  1.88652E-28 0.0008  9.59351E-29 0.0011
  9.71370E-29 0.0011  1.96989E-28 0.0007  1.00231E-28 0.0010  1.01409E-28 0.0010
  1.03097E-28 0.0010  1.04487E-28 0.0010  2.12881E-28 0.0007  2.19196E-28 0.0007
  1.12590E-28 0.0009  1.14484E-28 0.0009  5.96685E-28 0.0004  9.53345E-27 0.0001
tfc   14       1       1       1       1       1       1     176       1
    4096000  9.53071E-27  3.09906E-04  1.75003E+07
    8192000  9.53242E-27  2.19643E-04  1.74266E+07
   12288000  9.53272E-27  1.79448E-04  1.73490E+07
   16384000  9.53218E-27  1.55261E-04  1.73928E+07
   20480000  9.53313E-27  1.39073E-04  1.73508E+07
   24576000  9.53360E-27  1.27045E-04  1.73326E+07
   28672000  9.53344E-27  1.17735E-04  1.73010E+07
   32768000  9.53341E-27  1.10161E-04  1.72957E+07
   36864000  9.53388E-27  1.03870E-04  1.72949E+07
   40960000  9.53338E-27  0.00000E+00  1.00000E+30
   45056000  9.53312E-27  0.00000E+00  1.00000E+30
   49152000  9.53328E-27  0.00000E+00  1.00000E+30
   53248000  9.53316E-27  0.00000E+00  1.00000E+30
   55203624  9.53345E-27  0.00000E+00  1.00000E+30
