mcnp       5     05/08/13 21:46:10     2    57704822      549494390
 Run-script for NE506 project - Matthew Klebenow                                
ntal     2
    4   14
tally    4    1    0
     Tally of the flux reported in VITAMIN-J 175Gp structure                    
f        1
      1
d        1
u        0
s        0
m        0
c        0
et     176
  1.00001E-07  4.13994E-07  5.31579E-07  6.82560E-07  8.76425E-07  1.12300E-06
  1.44000E-06  1.85539E-06  2.38237E-06  3.05902E-06  3.92786E-06  5.04348E-06
  6.47595E-06  8.31529E-06  1.06770E-05  1.37096E-05  1.76035E-05  2.26033E-05
  2.90232E-05  3.72665E-05  4.78512E-05  6.14421E-05  7.88932E-05  1.01301E-04
  1.30073E-04  1.67017E-04  2.14454E-04  2.75364E-04  3.53575E-04  4.53999E-04
  5.82947E-04  7.48518E-04  9.61117E-04  1.23410E-03  1.58461E-03  2.03468E-03
  2.24867E-03  2.48517E-03  2.61259E-03  2.74654E-03  3.03539E-03  3.35463E-03
  3.70744E-03  4.30742E-03  5.53084E-03  7.10174E-03  9.11882E-03  1.05946E-02
  1.17088E-02  1.50344E-02  1.93045E-02  2.18749E-02  2.35786E-02  2.41755E-02
  2.47875E-02  2.60584E-02  2.70001E-02  2.85011E-02  3.18278E-02  3.43067E-02
  4.08677E-02  4.63092E-02  5.24752E-02  5.65622E-02  6.73795E-02  7.20245E-02
  7.94987E-02  8.25034E-02  8.65170E-02  9.80365E-02  1.11090E-01  1.16786E-01
  1.22773E-01  1.29068E-01  1.35686E-01  1.42642E-01  1.49956E-01  1.57644E-01
  1.65727E-01  1.74224E-01  1.83156E-01  1.92547E-01  2.02419E-01  2.12797E-01
  2.23708E-01  2.35177E-01  2.47235E-01  2.73237E-01  2.87246E-01  2.94518E-01
  2.97211E-01  2.98491E-01  3.01974E-01  3.33733E-01  3.68832E-01  3.87742E-01
  4.07622E-01  4.50492E-01  4.97871E-01  5.23397E-01  5.50232E-01  5.78443E-01
  6.08101E-01  6.39279E-01  6.72055E-01  7.06512E-01  7.42736E-01  7.80817E-01
  8.20850E-01  8.62936E-01  9.07180E-01  9.61672E-01  1.00259E+00  1.10803E+00
  1.16484E+00  1.22456E+00  1.28735E+00  1.35335E+00  1.42274E+00  1.49569E+00
  1.57237E+00  1.65299E+00  1.73774E+00  1.82684E+00  1.92050E+00  2.01897E+00
  2.12248E+00  2.23130E+00  2.30693E+00  2.34570E+00  2.36533E+00  2.38513E+00
  2.46597E+00  2.59240E+00  2.72532E+00  2.86505E+00  3.01194E+00  3.16637E+00
  3.32871E+00  3.67879E+00  4.06570E+00  4.49329E+00  4.72367E+00  4.96585E+00
  5.22046E+00  5.48812E+00  5.76950E+00  6.06531E+00  6.37628E+00  6.59241E+00
  6.70320E+00  7.04688E+00  7.40818E+00  7.78801E+00  8.18731E+00  8.60708E+00
  9.04837E+00  9.51229E+00  1.00000E+01  1.05127E+01  1.10517E+01  1.16183E+01
  1.22140E+01  1.25232E+01  1.28403E+01  1.34986E+01  1.38403E+01  1.41907E+01
  1.45499E+01  1.49182E+01  1.56831E+01  1.64872E+01  1.69046E+01  1.73325E+01
  1.96403E+01
t        0
vals
  2.81448E-11 1.0000  7.73236E-11 0.7017  0.00000E+00 0.0000  0.00000E+00 0.0000
  0.00000E+00 0.0000  0.00000E+00 0.0000  0.00000E+00 0.0000  1.73296E-10 0.5000
  4.33239E-11 1.0000  6.61576E-11 0.7402  9.74526E-11 0.6384  2.44971E-10 0.4069
  2.45190E-10 0.4996  4.38505E-10 0.3203  3.09189E-10 0.3712  3.71183E-10 0.3322
  7.53801E-10 0.2348  5.69872E-10 0.2854  1.24715E-09 0.1989  1.33218E-09 0.1953
  2.12269E-09 0.1526  2.02623E-09 0.1535  3.19361E-09 0.1235  2.91978E-09 0.1249
  5.02071E-09 0.1000  6.25562E-09 0.0886  8.60308E-09 0.0748  9.42624E-09 0.0705
  1.25048E-08 0.0612  1.52832E-08 0.0557  2.22107E-08 0.0456  2.73527E-08 0.0414
  3.37200E-08 0.0372  4.35180E-08 0.0322  5.80620E-08 0.0282  7.41785E-08 0.0249
  3.35436E-08 0.0361  3.65104E-08 0.0346  1.82048E-08 0.0487  2.17350E-08 0.0445
  4.60524E-08 0.0307  4.84091E-08 0.0301  5.26913E-08 0.0285  8.96361E-08 0.0220
  1.96155E-07 0.0148  2.58260E-07 0.0132  8.76470E-07 0.0082  1.05739E-06 0.0068
  2.68207E-07 0.0073  2.80746E-07 0.0069  7.54168E-07 0.0075  5.13987E-07 0.0090
  3.29456E-07 0.0108  1.06704E-07 0.0171  1.15602E-07 0.0170  2.43513E-07 0.0126
  2.86873E-07 0.0119  9.81138E-07 0.0067  5.47414E-07 0.0072  5.95092E-07 0.0076
  1.64223E-06 0.0057  1.43852E-06 0.0059  1.51675E-06 0.0057  9.94409E-07 0.0066
  2.82975E-06 0.0043  1.11562E-06 0.0061  1.83359E-06 0.0050  7.37864E-07 0.0073
  1.31457E-06 0.0056  3.37492E-06 0.0037  3.41559E-06 0.0037  1.49714E-06 0.0051
  1.62443E-06 0.0050  1.66143E-06 0.0049  1.76879E-06 0.0048  1.78839E-06 0.0048
  1.95036E-06 0.0046  2.30297E-06 0.0043  2.17714E-06 0.0044  2.10339E-06 0.0044
  4.00540E-06 0.0033  2.90489E-06 0.0037  3.45932E-06 0.0034  2.87633E-06 0.0036
  3.08842E-06 0.0036  3.25845E-06 0.0035  3.83150E-06 0.0033  8.43675E-06 0.0024
  4.02128E-06 0.0032  2.13403E-06 0.0043  7.44072E-07 0.0071  3.43689E-07 0.0103
  1.06952E-06 0.0061  1.17979E-05 0.0020  1.13132E-05 0.0020  6.66507E-06 0.0025
  6.06747E-06 0.0026  1.48013E-05 0.0018  1.68081E-05 0.0016  9.36491E-06 0.0021
  8.53977E-06 0.0022  8.73076E-06 0.0022  1.14236E-05 0.0019  1.07887E-05 0.0019
  1.16009E-05 0.0019  1.15343E-05 0.0019  1.30834E-05 0.0018  1.39833E-05 0.0017
  1.43309E-05 0.0017  1.54738E-05 0.0016  1.53443E-05 0.0016  1.85466E-05 0.0015
  1.39037E-05 0.0017  3.70271E-05 0.0011  1.83147E-05 0.0015  2.04161E-05 0.0014
  2.05979E-05 0.0014  2.07168E-05 0.0014  2.15818E-05 0.0014  2.05705E-05 0.0014
  2.11126E-05 0.0014  2.15413E-05 0.0014  2.23785E-05 0.0014  2.23475E-05 0.0014
  2.33810E-05 0.0013  2.32513E-05 0.0013  2.38634E-05 0.0013  2.38952E-05 0.0013
  1.65333E-05 0.0016  8.17748E-06 0.0022  4.05724E-06 0.0031  4.18908E-06 0.0030
  1.66797E-05 0.0015  2.51685E-05 0.0013  2.56947E-05 0.0013  2.59883E-05 0.0012
  2.64437E-05 0.0012  2.73653E-05 0.0012  2.78822E-05 0.0012  5.62512E-05 0.0009
  5.80712E-05 0.0008  6.09306E-05 0.0008  3.17836E-05 0.0011  3.26416E-05 0.0011
  3.36959E-05 0.0011  3.47366E-05 0.0011  3.58820E-05 0.0011  3.72253E-05 0.0010
  3.85106E-05 0.0010  2.65975E-05 0.0012  1.35705E-05 0.0017  4.17252E-05 0.0010
  4.33859E-05 0.0010  4.53897E-05 0.0009  4.72051E-05 0.0009  4.95940E-05 0.0009
  5.19067E-05 0.0009  5.40101E-05 0.0009  5.65532E-05 0.0008  5.92397E-05 0.0008
  6.21777E-05 0.0008  6.51942E-05 0.0008  6.84264E-05 0.0008  3.54397E-05 0.0011
  3.63730E-05 0.0010  7.55723E-05 0.0007  3.92452E-05 0.0010  4.01402E-05 0.0010
  4.12246E-05 0.0010  4.21179E-05 0.0010  8.74026E-05 0.0007  9.17022E-05 0.0007
  4.76247E-05 0.0009  4.87984E-05 0.0009  2.59611E-04 0.0004  2.82859E-03 0.0000
tfc   15       1       1       1       1       1       1     176       1
    4096000  2.82828E-03  1.86032E-04  5.07372E+07
    8192000  2.82825E-03  1.31584E-04  5.06833E+07
   12288000  2.82835E-03  1.07458E-04  5.06425E+07
   16384000  2.82825E-03  0.00000E+00  1.00000E+30
   20480000  2.82830E-03  0.00000E+00  1.00000E+30
   24576000  2.82838E-03  0.00000E+00  1.00000E+30
   28672000  2.82838E-03  0.00000E+00  1.00000E+30
   32768000  2.82843E-03  0.00000E+00  1.00000E+30
   36864000  2.82855E-03  0.00000E+00  1.00000E+30
   40960000  2.82854E-03  0.00000E+00  1.00000E+30
   45056000  2.82859E-03  0.00000E+00  1.00000E+30
   49152000  2.82858E-03  0.00000E+00  1.00000E+30
   53248000  2.82852E-03  0.00000E+00  1.00000E+30
   57344000  2.82861E-03  0.00000E+00  1.00000E+30
   57704822  2.82859E-03  0.00000E+00  1.00000E+30
tally   14    1    0
     Tally of the total xs reaction                                             
f        1
      1
d        1
u        0
s        0
m        1
c        0
et     176
  1.00001E-07  4.13994E-07  5.31579E-07  6.82560E-07  8.76425E-07  1.12300E-06
  1.44000E-06  1.85539E-06  2.38237E-06  3.05902E-06  3.92786E-06  5.04348E-06
  6.47595E-06  8.31529E-06  1.06770E-05  1.37096E-05  1.76035E-05  2.26033E-05
  2.90232E-05  3.72665E-05  4.78512E-05  6.14421E-05  7.88932E-05  1.01301E-04
  1.30073E-04  1.67017E-04  2.14454E-04  2.75364E-04  3.53575E-04  4.53999E-04
  5.82947E-04  7.48518E-04  9.61117E-04  1.23410E-03  1.58461E-03  2.03468E-03
  2.24867E-03  2.48517E-03  2.61259E-03  2.74654E-03  3.03539E-03  3.35463E-03
  3.70744E-03  4.30742E-03  5.53084E-03  7.10174E-03  9.11882E-03  1.05946E-02
  1.17088E-02  1.50344E-02  1.93045E-02  2.18749E-02  2.35786E-02  2.41755E-02
  2.47875E-02  2.60584E-02  2.70001E-02  2.85011E-02  3.18278E-02  3.43067E-02
  4.08677E-02  4.63092E-02  5.24752E-02  5.65622E-02  6.73795E-02  7.20245E-02
  7.94987E-02  8.25034E-02  8.65170E-02  9.80365E-02  1.11090E-01  1.16786E-01
  1.22773E-01  1.29068E-01  1.35686E-01  1.42642E-01  1.49956E-01  1.57644E-01
  1.65727E-01  1.74224E-01  1.83156E-01  1.92547E-01  2.02419E-01  2.12797E-01
  2.23708E-01  2.35177E-01  2.47235E-01  2.73237E-01  2.87246E-01  2.94518E-01
  2.97211E-01  2.98491E-01  3.01974E-01  3.33733E-01  3.68832E-01  3.87742E-01
  4.07622E-01  4.50492E-01  4.97871E-01  5.23397E-01  5.50232E-01  5.78443E-01
  6.08101E-01  6.39279E-01  6.72055E-01  7.06512E-01  7.42736E-01  7.80817E-01
  8.20850E-01  8.62936E-01  9.07180E-01  9.61672E-01  1.00259E+00  1.10803E+00
  1.16484E+00  1.22456E+00  1.28735E+00  1.35335E+00  1.42274E+00  1.49569E+00
  1.57237E+00  1.65299E+00  1.73774E+00  1.82684E+00  1.92050E+00  2.01897E+00
  2.12248E+00  2.23130E+00  2.30693E+00  2.34570E+00  2.36533E+00  2.38513E+00
  2.46597E+00  2.59240E+00  2.72532E+00  2.86505E+00  3.01194E+00  3.16637E+00
  3.32871E+00  3.67879E+00  4.06570E+00  4.49329E+00  4.72367E+00  4.96585E+00
  5.22046E+00  5.48812E+00  5.76950E+00  6.06531E+00  6.37628E+00  6.59241E+00
  6.70320E+00  7.04688E+00  7.40818E+00  7.78801E+00  8.18731E+00  8.60708E+00
  9.04837E+00  9.51229E+00  1.00000E+01  1.05127E+01  1.10517E+01  1.16183E+01
  1.22140E+01  1.25232E+01  1.28403E+01  1.34986E+01  1.38403E+01  1.41907E+01
  1.45499E+01  1.49182E+01  1.56831E+01  1.64872E+01  1.69046E+01  1.73325E+01
  1.96403E+01
t        0
vals
  1.47060E-34 1.0000  1.39159E-34 0.6946  0.00000E+00 0.0000  0.00000E+00 0.0000
  0.00000E+00 0.0000  0.00000E+00 0.0000  0.00000E+00 0.0000  2.27835E-34 0.5000
  5.50845E-35 1.0000  8.13861E-35 0.7400  1.17050E-34 0.6376  2.89772E-34 0.4068
  2.83319E-34 0.4995  4.96211E-34 0.3204  3.43128E-34 0.3712  4.05577E-34 0.3320
  8.13591E-34 0.2348  6.05956E-34 0.2854  1.31068E-33 0.1989  1.38261E-33 0.1953
  2.17851E-33 0.1526  2.05556E-33 0.1535  3.20163E-33 0.1235  2.89173E-33 0.1249
  4.91432E-33 0.1000  6.03942E-33 0.0886  8.17505E-33 0.0748  8.78982E-33 0.0705
  1.14049E-32 0.0613  1.35412E-32 0.0557  1.89697E-32 0.0456  2.22618E-32 0.0414
  2.57822E-32 0.0373  3.04734E-32 0.0322  3.60667E-32 0.0282  3.88189E-32 0.0249
  1.53655E-32 0.0366  2.06122E-32 0.0757  6.32006E-33 0.0487  6.92970E-33 0.0445
  1.25532E-32 0.0308  1.02299E-32 0.0303  7.87277E-33 0.0287  6.94570E-33 0.0230
  6.65468E-33 0.0843  9.70454E-32 0.0161  3.69351E-30 0.0084  1.70815E-29 0.0067
  1.64492E-29 0.0071  3.65735E-29 0.0067  2.32843E-29 0.0074  7.61729E-30 0.0090
  3.47637E-30 0.0108  1.02014E-30 0.0171  8.80401E-31 0.0170  1.42378E-30 0.0127
  8.42849E-31 0.0122  2.68532E-30 0.0103  1.55769E-29 0.0069  7.92833E-30 0.0076
  1.47206E-29 0.0057  1.06872E-29 0.0062  9.99099E-30 0.0057  5.50089E-30 0.0066
  1.32835E-29 0.0049  6.84090E-30 0.0061  8.37936E-30 0.0050  2.65998E-30 0.0073
  2.55115E-30 0.0062  1.17439E-29 0.0046  2.16713E-29 0.0041  8.43233E-30 0.0051
  7.37111E-30 0.0050  7.00936E-30 0.0050  6.19321E-30 0.0049  5.84657E-30 0.0050
  4.68431E-30 0.0047  5.55185E-30 0.0056  8.39961E-30 0.0055  5.79969E-30 0.0046
  2.82666E-30 0.0052  2.13787E-29 0.0039  2.01534E-29 0.0039  2.08832E-29 0.0036
  1.66230E-29 0.0036  1.34149E-29 0.0036  1.09377E-29 0.0033  3.38020E-29 0.0027
  1.55002E-29 0.0033  5.99436E-30 0.0046  2.17002E-30 0.0077  1.21426E-30 0.0112
  2.25741E-30 0.0064  3.29509E-29 0.0025  5.43194E-29 0.0022  2.52430E-29 0.0029
  2.62639E-29 0.0027  4.17830E-29 0.0020  4.67050E-29 0.0019  3.50736E-29 0.0022
  4.29616E-29 0.0022  3.02157E-29 0.0022  1.90360E-29 0.0023  3.74033E-29 0.0021
  3.72503E-29 0.0020  4.08385E-29 0.0020  3.40553E-29 0.0019  4.16037E-29 0.0018
  4.54429E-29 0.0018  5.19917E-29 0.0017  5.76017E-29 0.0017  6.47361E-29 0.0015
  4.03452E-29 0.0018  1.09895E-28 0.0011  6.46477E-29 0.0016  5.58685E-29 0.0015
  6.54627E-29 0.0014  6.77920E-29 0.0014  6.55869E-29 0.0014  7.05514E-29 0.0014
  6.64241E-29 0.0014  6.47717E-29 0.0014  6.78122E-29 0.0014  6.84140E-29 0.0014
  6.25791E-29 0.0013  7.05491E-29 0.0013  7.19194E-29 0.0013  7.17572E-29 0.0013
  4.60553E-29 0.0016  2.55309E-29 0.0022  1.29146E-29 0.0031  1.20109E-29 0.0030
  5.23849E-29 0.0015  8.01405E-29 0.0013  8.02315E-29 0.0013  8.17296E-29 0.0012
  8.43305E-29 0.0012  8.67012E-29 0.0012  9.22262E-29 0.0012  1.93933E-28 0.0009
  1.95440E-28 0.0008  2.15420E-28 0.0008  1.14767E-28 0.0011  1.18696E-28 0.0011
  1.25358E-28 0.0011  1.27613E-28 0.0011  1.34936E-28 0.0011  1.38152E-28 0.0010
  1.43143E-28 0.0010  9.86362E-29 0.0012  5.03501E-29 0.0017  1.53989E-28 0.0010
  1.57482E-28 0.0010  1.64125E-28 0.0009  1.68248E-28 0.0009  1.73695E-28 0.0009
  1.78695E-28 0.0009  1.82976E-28 0.0009  1.89092E-28 0.0008  1.93928E-28 0.0008
  1.96368E-28 0.0008  2.01793E-28 0.0008  2.06951E-28 0.0008  1.05605E-28 0.0011
  1.07103E-28 0.0010  2.17204E-28 0.0007  1.10435E-28 0.0010  1.11443E-28 0.0010
  1.12981E-28 0.0010  1.13342E-28 0.0010  2.28964E-28 0.0007  2.33521E-28 0.0007
  1.20253E-28 0.0009  1.23216E-28 0.0009  6.42849E-28 0.0004  9.02825E-27 0.0001
tfc   15       1       1       1       1       1       1     176       1
    4096000  9.02779E-27  3.36182E-04  1.55366E+07
    8192000  9.02851E-27  2.37743E-04  1.55258E+07
   12288000  9.02898E-27  1.94336E-04  1.54841E+07
   16384000  9.02853E-27  1.68295E-04  1.54871E+07
   20480000  9.02765E-27  1.50209E-04  1.55539E+07
   24576000  9.02725E-27  1.36986E-04  1.55856E+07
   28672000  9.02709E-27  1.26654E-04  1.56272E+07
   32768000  9.02696E-27  1.18431E-04  1.56373E+07
   36864000  9.02787E-27  1.11782E-04  1.56021E+07
   40960000  9.02809E-27  1.06124E-04  1.55771E+07
   45056000  9.02830E-27  1.01204E-04  1.55716E+07
   49152000  9.02806E-27  0.00000E+00  1.00000E+30
   53248000  9.02770E-27  0.00000E+00  1.00000E+30
   57344000  9.02829E-27  0.00000E+00  1.00000E+30
   57704822  9.02825E-27  0.00000E+00  1.00000E+30
