mcnp       5     05/08/13 21:49:47     2    56428826      567329384
 Run-script for NE506 project - Matthew Klebenow                                
ntal     2
    4   14
tally    4    1    0
     Tally of the flux reported in VITAMIN-J 175Gp structure                    
f        1
      1
d        1
u        0
s        0
m        0
c        0
et     176
  1.00001E-07  4.13994E-07  5.31579E-07  6.82560E-07  8.76425E-07  1.12300E-06
  1.44000E-06  1.85539E-06  2.38237E-06  3.05902E-06  3.92786E-06  5.04348E-06
  6.47595E-06  8.31529E-06  1.06770E-05  1.37096E-05  1.76035E-05  2.26033E-05
  2.90232E-05  3.72665E-05  4.78512E-05  6.14421E-05  7.88932E-05  1.01301E-04
  1.30073E-04  1.67017E-04  2.14454E-04  2.75364E-04  3.53575E-04  4.53999E-04
  5.82947E-04  7.48518E-04  9.61117E-04  1.23410E-03  1.58461E-03  2.03468E-03
  2.24867E-03  2.48517E-03  2.61259E-03  2.74654E-03  3.03539E-03  3.35463E-03
  3.70744E-03  4.30742E-03  5.53084E-03  7.10174E-03  9.11882E-03  1.05946E-02
  1.17088E-02  1.50344E-02  1.93045E-02  2.18749E-02  2.35786E-02  2.41755E-02
  2.47875E-02  2.60584E-02  2.70001E-02  2.85011E-02  3.18278E-02  3.43067E-02
  4.08677E-02  4.63092E-02  5.24752E-02  5.65622E-02  6.73795E-02  7.20245E-02
  7.94987E-02  8.25034E-02  8.65170E-02  9.80365E-02  1.11090E-01  1.16786E-01
  1.22773E-01  1.29068E-01  1.35686E-01  1.42642E-01  1.49956E-01  1.57644E-01
  1.65727E-01  1.74224E-01  1.83156E-01  1.92547E-01  2.02419E-01  2.12797E-01
  2.23708E-01  2.35177E-01  2.47235E-01  2.73237E-01  2.87246E-01  2.94518E-01
  2.97211E-01  2.98491E-01  3.01974E-01  3.33733E-01  3.68832E-01  3.87742E-01
  4.07622E-01  4.50492E-01  4.97871E-01  5.23397E-01  5.50232E-01  5.78443E-01
  6.08101E-01  6.39279E-01  6.72055E-01  7.06512E-01  7.42736E-01  7.80817E-01
  8.20850E-01  8.62936E-01  9.07180E-01  9.61672E-01  1.00259E+00  1.10803E+00
  1.16484E+00  1.22456E+00  1.28735E+00  1.35335E+00  1.42274E+00  1.49569E+00
  1.57237E+00  1.65299E+00  1.73774E+00  1.82684E+00  1.92050E+00  2.01897E+00
  2.12248E+00  2.23130E+00  2.30693E+00  2.34570E+00  2.36533E+00  2.38513E+00
  2.46597E+00  2.59240E+00  2.72532E+00  2.86505E+00  3.01194E+00  3.16637E+00
  3.32871E+00  3.67879E+00  4.06570E+00  4.49329E+00  4.72367E+00  4.96585E+00
  5.22046E+00  5.48812E+00  5.76950E+00  6.06531E+00  6.37628E+00  6.59241E+00
  6.70320E+00  7.04688E+00  7.40818E+00  7.78801E+00  8.18731E+00  8.60708E+00
  9.04837E+00  9.51229E+00  1.00000E+01  1.05127E+01  1.10517E+01  1.16183E+01
  1.22140E+01  1.25232E+01  1.28403E+01  1.34986E+01  1.38403E+01  1.41907E+01
  1.45499E+01  1.49182E+01  1.56831E+01  1.64872E+01  1.69046E+01  1.73325E+01
  1.96403E+01
t        0
vals
  4.93602E-11 1.0000  7.59049E-11 1.0000  2.25634E-12 0.8585  3.60602E-11 1.0000
  0.00000E+00 0.0000  5.29174E-11 1.0000  3.57093E-11 1.0000  2.93640E-10 0.5185
  4.43036E-11 1.0000  2.27008E-10 0.5995  2.62780E-10 0.5044  3.78924E-10 0.3900
  3.25518E-10 0.5052  5.24975E-10 0.3180  5.71059E-10 0.3559  7.82478E-10 0.3016
  8.31228E-10 0.2681  8.04658E-10 0.2579  1.64704E-09 0.2054  2.13082E-09 0.1616
  2.77163E-09 0.1575  2.73468E-09 0.1355  4.24027E-09 0.1197  5.31992E-09 0.1137
  6.99291E-09 0.0929  9.14635E-09 0.0842  1.22209E-08 0.0712  1.41039E-08 0.0679
  1.78847E-08 0.0582  2.31792E-08 0.0516  3.17944E-08 0.0440  3.98034E-08 0.0398
  4.87588E-08 0.0355  6.30422E-08 0.0311  8.27348E-08 0.0276  1.04402E-07 0.0244
  4.82163E-08 0.0321  5.18394E-08 0.0307  2.83746E-08 0.0376  3.08173E-08 0.0367
  6.32811E-08 0.0276  6.68558E-08 0.0269  7.46985E-08 0.0259  1.22135E-07 0.0208
  2.51145E-07 0.0148  4.91666E-07 0.0098  3.06268E-07 0.0123  3.19546E-07 0.0129
  2.26629E-07 0.0145  1.04988E-06 0.0075  1.11790E-06 0.0072  6.07999E-07 0.0089
  4.65575E-07 0.0097  2.01225E-07 0.0138  1.51542E-07 0.0153  3.26474E-07 0.0108
  3.04228E-07 0.0114  7.27848E-07 0.0076  1.31296E-06 0.0058  6.40626E-07 0.0072
  2.19036E-06 0.0050  1.69134E-06 0.0054  2.03462E-06 0.0050  1.41624E-06 0.0056
  4.81329E-06 0.0034  1.59202E-06 0.0048  2.49938E-06 0.0041  1.05719E-06 0.0057
  1.42850E-06 0.0051  4.08169E-06 0.0034  4.58983E-06 0.0032  1.90949E-06 0.0045
  2.02513E-06 0.0044  2.30561E-06 0.0042  2.87219E-06 0.0038  2.99056E-06 0.0036
  2.63044E-06 0.0037  3.40394E-06 0.0034  3.09135E-06 0.0035  2.89884E-06 0.0036
  3.61013E-06 0.0033  4.38812E-06 0.0030  4.37821E-06 0.0030  4.19362E-06 0.0030
  4.17305E-06 0.0030  5.16499E-06 0.0028  4.65276E-06 0.0028  1.13476E-05 0.0020
  5.77742E-06 0.0026  2.89583E-06 0.0035  1.07812E-06 0.0057  5.13629E-07 0.0082
  1.40501E-06 0.0050  1.36500E-05 0.0018  1.39544E-05 0.0018  7.41053E-06 0.0023
  8.36195E-06 0.0022  1.90096E-05 0.0016  1.94299E-05 0.0015  1.01593E-05 0.0020
  1.04347E-05 0.0020  1.13866E-05 0.0019  1.39152E-05 0.0017  1.32451E-05 0.0017
  1.37526E-05 0.0017  1.32494E-05 0.0017  1.52720E-05 0.0016  1.60777E-05 0.0016
  1.65665E-05 0.0016  1.69199E-05 0.0015  1.79316E-05 0.0015  2.12952E-05 0.0014
  1.56430E-05 0.0016  4.02866E-05 0.0010  2.06661E-05 0.0014  2.15395E-05 0.0014
  2.19098E-05 0.0014  2.13484E-05 0.0014  2.26279E-05 0.0013  2.22997E-05 0.0013
  2.27524E-05 0.0013  2.34451E-05 0.0013  2.36864E-05 0.0013  2.39146E-05 0.0013
  2.45017E-05 0.0013  2.51459E-05 0.0013  2.52965E-05 0.0013  2.55595E-05 0.0013
  1.73783E-05 0.0015  8.63595E-06 0.0021  4.23773E-06 0.0030  4.43921E-06 0.0030
  1.75512E-05 0.0015  2.65964E-05 0.0012  2.71860E-05 0.0012  2.73374E-05 0.0012
  2.75622E-05 0.0012  2.81526E-05 0.0012  2.87241E-05 0.0012  5.84340E-05 0.0009
  6.04405E-05 0.0008  6.27699E-05 0.0008  3.25181E-05 0.0011  3.31958E-05 0.0011
  3.42551E-05 0.0011  3.52083E-05 0.0011  3.63396E-05 0.0011  3.75225E-05 0.0011
  3.87196E-05 0.0010  2.67227E-05 0.0012  1.35800E-05 0.0017  4.18140E-05 0.0010
  4.33174E-05 0.0010  4.52285E-05 0.0010  4.70430E-05 0.0009  4.92332E-05 0.0009
  5.15412E-05 0.0009  5.35498E-05 0.0009  5.59937E-05 0.0009  5.86964E-05 0.0008
  6.14537E-05 0.0008  6.43551E-05 0.0008  6.75260E-05 0.0008  3.49910E-05 0.0011
  3.59103E-05 0.0011  7.44283E-05 0.0007  3.85947E-05 0.0010  3.95015E-05 0.0010
  4.06195E-05 0.0010  4.15407E-05 0.0010  8.63360E-05 0.0007  9.05842E-05 0.0007
  4.70495E-05 0.0009  4.82349E-05 0.0009  2.58301E-04 0.0004  2.93056E-03 0.0001
tfc   14       1       1       1       1       1       1     176       1
    4096000  2.93061E-03  2.11559E-04  3.82602E+07
    8192000  2.93076E-03  1.49594E-04  3.82385E+07
   12288000  2.93088E-03  1.22174E-04  3.82194E+07
   16384000  2.93061E-03  1.05762E-04  3.82181E+07
   20480000  2.93059E-03  0.00000E+00  1.00000E+30
   24576000  2.93062E-03  0.00000E+00  1.00000E+30
   28672000  2.93059E-03  0.00000E+00  1.00000E+30
   32768000  2.93065E-03  0.00000E+00  1.00000E+30
   36864000  2.93070E-03  0.00000E+00  1.00000E+30
   40960000  2.93062E-03  0.00000E+00  1.00000E+30
   45056000  2.93064E-03  0.00000E+00  1.00000E+30
   49152000  2.93058E-03  0.00000E+00  1.00000E+30
   53248000  2.93053E-03  0.00000E+00  1.00000E+30
   56428826  2.93056E-03  0.00000E+00  1.00000E+30
tally   14    1    0
     Tally of the total xs reaction                                             
f        1
      1
d        1
u        0
s        0
m        1
c        0
et     176
  1.00001E-07  4.13994E-07  5.31579E-07  6.82560E-07  8.76425E-07  1.12300E-06
  1.44000E-06  1.85539E-06  2.38237E-06  3.05902E-06  3.92786E-06  5.04348E-06
  6.47595E-06  8.31529E-06  1.06770E-05  1.37096E-05  1.76035E-05  2.26033E-05
  2.90232E-05  3.72665E-05  4.78512E-05  6.14421E-05  7.88932E-05  1.01301E-04
  1.30073E-04  1.67017E-04  2.14454E-04  2.75364E-04  3.53575E-04  4.53999E-04
  5.82947E-04  7.48518E-04  9.61117E-04  1.23410E-03  1.58461E-03  2.03468E-03
  2.24867E-03  2.48517E-03  2.61259E-03  2.74654E-03  3.03539E-03  3.35463E-03
  3.70744E-03  4.30742E-03  5.53084E-03  7.10174E-03  9.11882E-03  1.05946E-02
  1.17088E-02  1.50344E-02  1.93045E-02  2.18749E-02  2.35786E-02  2.41755E-02
  2.47875E-02  2.60584E-02  2.70001E-02  2.85011E-02  3.18278E-02  3.43067E-02
  4.08677E-02  4.63092E-02  5.24752E-02  5.65622E-02  6.73795E-02  7.20245E-02
  7.94987E-02  8.25034E-02  8.65170E-02  9.80365E-02  1.11090E-01  1.16786E-01
  1.22773E-01  1.29068E-01  1.35686E-01  1.42642E-01  1.49956E-01  1.57644E-01
  1.65727E-01  1.74224E-01  1.83156E-01  1.92547E-01  2.02419E-01  2.12797E-01
  2.23708E-01  2.35177E-01  2.47235E-01  2.73237E-01  2.87246E-01  2.94518E-01
  2.97211E-01  2.98491E-01  3.01974E-01  3.33733E-01  3.68832E-01  3.87742E-01
  4.07622E-01  4.50492E-01  4.97871E-01  5.23397E-01  5.50232E-01  5.78443E-01
  6.08101E-01  6.39279E-01  6.72055E-01  7.06512E-01  7.42736E-01  7.80817E-01
  8.20850E-01  8.62936E-01  9.07180E-01  9.61672E-01  1.00259E+00  1.10803E+00
  1.16484E+00  1.22456E+00  1.28735E+00  1.35335E+00  1.42274E+00  1.49569E+00
  1.57237E+00  1.65299E+00  1.73774E+00  1.82684E+00  1.92050E+00  2.01897E+00
  2.12248E+00  2.23130E+00  2.30693E+00  2.34570E+00  2.36533E+00  2.38513E+00
  2.46597E+00  2.59240E+00  2.72532E+00  2.86505E+00  3.01194E+00  3.16637E+00
  3.32871E+00  3.67879E+00  4.06570E+00  4.49329E+00  4.72367E+00  4.96585E+00
  5.22046E+00  5.48812E+00  5.76950E+00  6.06531E+00  6.37628E+00  6.59241E+00
  6.70320E+00  7.04688E+00  7.40818E+00  7.78801E+00  8.18731E+00  8.60708E+00
  9.04837E+00  9.51229E+00  1.00000E+01  1.05127E+01  1.10517E+01  1.16183E+01
  1.22140E+01  1.25232E+01  1.28403E+01  1.34986E+01  1.38403E+01  1.41907E+01
  1.45499E+01  1.49182E+01  1.56831E+01  1.64872E+01  1.69046E+01  1.73325E+01
  1.96403E+01
t        0
vals
  4.63373E-34 1.0000  6.68286E-34 1.0000  1.91297E-35 0.8591  3.04170E-34 1.0000
  0.00000E+00 0.0000  4.38167E-34 1.0000  2.93877E-34 1.0000  2.40623E-33 0.5183
  3.61480E-34 1.0000  1.84416E-33 0.5996  2.12815E-33 0.5044  3.05971E-33 0.3900
  2.62104E-33 0.5052  4.21550E-33 0.3180  4.57252E-33 0.3560  6.25119E-33 0.3015
  6.62613E-33 0.2681  6.39787E-33 0.2579  1.30681E-32 0.2054  1.68638E-32 0.1616
  2.18770E-32 0.1575  2.15164E-32 0.1355  3.32536E-32 0.1197  4.15373E-32 0.1138
  5.43144E-32 0.0929  7.05839E-32 0.0842  9.36073E-32 0.0712  1.06978E-31 0.0679
  1.33969E-31 0.0582  1.70944E-31 0.0516  2.30002E-31 0.0440  2.81004E-31 0.0398
  3.33916E-31 0.0355  4.15422E-31 0.0311  5.19453E-31 0.0276  6.17106E-31 0.0244
  2.71144E-31 0.0321  2.81807E-31 0.0307  1.49937E-31 0.0376  1.59584E-31 0.0367
  3.16818E-31 0.0276  3.18416E-31 0.0269  3.35671E-31 0.0259  5.00281E-31 0.0208
  8.08490E-31 0.0149  1.01313E-30 0.0141  7.09422E-30 0.0120  2.06788E-30 0.0129
  9.21473E-31 0.0146  6.66757E-30 0.0087  1.82525E-29 0.0075  5.42382E-30 0.0089
  2.64373E-30 0.0098  8.64284E-31 0.0138  1.22726E-30 0.0163  2.07756E-30 0.0110
  1.25251E-30 0.0115  2.33066E-30 0.0079  1.26950E-29 0.0065  1.00488E-29 0.0072
  1.68515E-29 0.0051  1.19983E-29 0.0056  1.08913E-29 0.0051  8.11566E-30 0.0060
  3.32905E-29 0.0037  2.11232E-29 0.0048  2.47005E-29 0.0041  8.13401E-30 0.0057
  9.85423E-30 0.0051  2.39086E-29 0.0034  2.63122E-29 0.0032  1.04587E-29 0.0045
  9.53259E-30 0.0044  9.04588E-30 0.0042  1.09089E-29 0.0038  1.71392E-29 0.0037
  2.04975E-29 0.0037  1.88130E-29 0.0034  2.34231E-29 0.0035  2.07558E-29 0.0036
  1.68830E-29 0.0033  1.99007E-29 0.0030  2.67599E-29 0.0030  2.96813E-29 0.0030
  2.77672E-29 0.0030  2.71112E-29 0.0028  3.13968E-29 0.0028  5.40197E-29 0.0020
  3.51728E-29 0.0026  1.69635E-29 0.0035  5.86145E-30 0.0057  2.73004E-30 0.0082
  7.26413E-30 0.0050  6.19571E-29 0.0018  6.88392E-29 0.0018  2.79839E-29 0.0023
  2.52612E-29 0.0023  7.78168E-29 0.0016  7.90196E-29 0.0015  3.95982E-29 0.0020
  3.31688E-29 0.0020  2.62271E-29 0.0019  2.89634E-29 0.0020  4.84774E-29 0.0018
  4.88343E-29 0.0018  5.05801E-29 0.0018  3.85582E-29 0.0017  4.87699E-29 0.0017
  5.01370E-29 0.0016  5.58756E-29 0.0016  5.74872E-29 0.0016  6.72638E-29 0.0014
  4.80743E-29 0.0016  1.15421E-28 0.0011  6.50736E-29 0.0014  6.73681E-29 0.0014
  7.45388E-29 0.0014  8.11731E-29 0.0014  7.07166E-29 0.0014  7.74927E-29 0.0014
  7.35761E-29 0.0013  7.26536E-29 0.0013  7.84560E-29 0.0013  7.69415E-29 0.0013
  7.14671E-29 0.0013  7.27408E-29 0.0013  7.88684E-29 0.0013  8.06905E-29 0.0013
  5.54900E-29 0.0015  2.88028E-29 0.0021  1.50167E-29 0.0030  1.32335E-29 0.0030
  5.79335E-29 0.0015  8.59815E-29 0.0012  8.57494E-29 0.0012  9.12989E-29 0.0012
  9.36239E-29 0.0012  9.09986E-29 0.0012  9.60750E-29 0.0012  2.06008E-28 0.0009
  2.10487E-28 0.0008  2.25532E-28 0.0008  1.18777E-28 0.0011  1.21404E-28 0.0011
  1.28222E-28 0.0011  1.32487E-28 0.0011  1.36818E-28 0.0011  1.41638E-28 0.0011
  1.45267E-28 0.0010  9.94110E-29 0.0012  5.03312E-29 0.0017  1.54393E-28 0.0010
  1.58781E-28 0.0010  1.63879E-28 0.0010  1.67755E-28 0.0009  1.72549E-28 0.0009
  1.77488E-28 0.0009  1.81597E-28 0.0009  1.86621E-28 0.0009  1.92077E-28 0.0008
  1.97271E-28 0.0008  2.00468E-28 0.0008  2.04331E-28 0.0008  1.03572E-28 0.0011
  1.04867E-28 0.0011  2.12810E-28 0.0007  1.07939E-28 0.0010  1.08767E-28 0.0010
  1.10254E-28 0.0010  1.11454E-28 0.0010  2.27454E-28 0.0007  2.32707E-28 0.0007
  1.18886E-28 0.0009  1.20569E-28 0.0009  6.29541E-28 0.0004  9.63490E-27 0.0001
tfc   14       1       1       1       1       1       1     176       1
    4096000  9.63839E-27  2.93155E-04  1.99258E+07
    8192000  9.63724E-27  2.07051E-04  1.99607E+07
   12288000  9.63714E-27  1.69099E-04  1.99506E+07
   16384000  9.63561E-27  1.46307E-04  1.99711E+07
   20480000  9.63512E-27  1.30818E-04  1.99911E+07
   24576000  9.63469E-27  1.19428E-04  1.99862E+07
   28672000  9.63478E-27  1.10591E-04  1.99819E+07
   32768000  9.63501E-27  1.03460E-04  1.99804E+07
   36864000  9.63502E-27  0.00000E+00  1.00000E+30
   40960000  9.63482E-27  0.00000E+00  1.00000E+30
   45056000  9.63504E-27  0.00000E+00  1.00000E+30
   49152000  9.63499E-27  0.00000E+00  1.00000E+30
   53248000  9.63466E-27  0.00000E+00  1.00000E+30
   56428826  9.63490E-27  0.00000E+00  1.00000E+30
