mcnp       5     05/08/13 21:47:29     2    52190409      589569024
 Run-script for NE506 project - Matthew Klebenow                                
ntal     2
    4   14
tally    4    1    0
     Tally of the flux reported in VITAMIN-J 175Gp structure                    
f        1
      1
d        1
u        0
s        0
m        0
c        0
et     176
  1.00001E-07  4.13994E-07  5.31579E-07  6.82560E-07  8.76425E-07  1.12300E-06
  1.44000E-06  1.85539E-06  2.38237E-06  3.05902E-06  3.92786E-06  5.04348E-06
  6.47595E-06  8.31529E-06  1.06770E-05  1.37096E-05  1.76035E-05  2.26033E-05
  2.90232E-05  3.72665E-05  4.78512E-05  6.14421E-05  7.88932E-05  1.01301E-04
  1.30073E-04  1.67017E-04  2.14454E-04  2.75364E-04  3.53575E-04  4.53999E-04
  5.82947E-04  7.48518E-04  9.61117E-04  1.23410E-03  1.58461E-03  2.03468E-03
  2.24867E-03  2.48517E-03  2.61259E-03  2.74654E-03  3.03539E-03  3.35463E-03
  3.70744E-03  4.30742E-03  5.53084E-03  7.10174E-03  9.11882E-03  1.05946E-02
  1.17088E-02  1.50344E-02  1.93045E-02  2.18749E-02  2.35786E-02  2.41755E-02
  2.47875E-02  2.60584E-02  2.70001E-02  2.85011E-02  3.18278E-02  3.43067E-02
  4.08677E-02  4.63092E-02  5.24752E-02  5.65622E-02  6.73795E-02  7.20245E-02
  7.94987E-02  8.25034E-02  8.65170E-02  9.80365E-02  1.11090E-01  1.16786E-01
  1.22773E-01  1.29068E-01  1.35686E-01  1.42642E-01  1.49956E-01  1.57644E-01
  1.65727E-01  1.74224E-01  1.83156E-01  1.92547E-01  2.02419E-01  2.12797E-01
  2.23708E-01  2.35177E-01  2.47235E-01  2.73237E-01  2.87246E-01  2.94518E-01
  2.97211E-01  2.98491E-01  3.01974E-01  3.33733E-01  3.68832E-01  3.87742E-01
  4.07622E-01  4.50492E-01  4.97871E-01  5.23397E-01  5.50232E-01  5.78443E-01
  6.08101E-01  6.39279E-01  6.72055E-01  7.06512E-01  7.42736E-01  7.80817E-01
  8.20850E-01  8.62936E-01  9.07180E-01  9.61672E-01  1.00259E+00  1.10803E+00
  1.16484E+00  1.22456E+00  1.28735E+00  1.35335E+00  1.42274E+00  1.49569E+00
  1.57237E+00  1.65299E+00  1.73774E+00  1.82684E+00  1.92050E+00  2.01897E+00
  2.12248E+00  2.23130E+00  2.30693E+00  2.34570E+00  2.36533E+00  2.38513E+00
  2.46597E+00  2.59240E+00  2.72532E+00  2.86505E+00  3.01194E+00  3.16637E+00
  3.32871E+00  3.67879E+00  4.06570E+00  4.49329E+00  4.72367E+00  4.96585E+00
  5.22046E+00  5.48812E+00  5.76950E+00  6.06531E+00  6.37628E+00  6.59241E+00
  6.70320E+00  7.04688E+00  7.40818E+00  7.78801E+00  8.18731E+00  8.60708E+00
  9.04837E+00  9.51229E+00  1.00000E+01  1.05127E+01  1.10517E+01  1.16183E+01
  1.22140E+01  1.25232E+01  1.28403E+01  1.34986E+01  1.38403E+01  1.41907E+01
  1.45499E+01  1.49182E+01  1.56831E+01  1.64872E+01  1.69046E+01  1.73325E+01
  1.96403E+01
t        0
vals
  0.00000E+00 0.0000  3.84648E-11 1.0000  0.00000E+00 0.0000  0.00000E+00 0.0000
  0.00000E+00 0.0000  0.00000E+00 0.0000  0.00000E+00 0.0000  1.91606E-10 0.5000
  4.79015E-11 1.0000  4.79015E-11 1.0000  9.58030E-11 0.7071  2.28407E-10 0.4493
  2.21175E-10 0.5980  4.67183E-10 0.3380  2.87409E-10 0.4082  2.87409E-10 0.4082
  6.99833E-10 0.2619  4.05776E-10 0.3437  1.05835E-09 0.2229  1.21880E-09 0.2197
  1.96802E-09 0.1657  1.61257E-09 0.1768  2.62491E-09 0.1453  2.57069E-09 0.1376
  4.20250E-09 0.1109  4.77306E-09 0.1052  7.36464E-09 0.0861  7.71051E-09 0.0811
  1.01231E-08 0.0718  1.38593E-08 0.0610  1.89129E-08 0.0519  2.37567E-08 0.0468
  3.13313E-08 0.0411  3.91237E-08 0.0364  5.35908E-08 0.0312  7.54440E-08 0.0268
  3.82617E-08 0.0366  4.89087E-08 0.0330  3.30458E-08 0.0369  4.48467E-08 0.0315
  1.21366E-07 0.0204  1.12298E-07 0.0191  3.62927E-08 0.0210  2.35038E-08 0.0245
  1.84359E-07 0.0174  2.69436E-07 0.0137  4.66020E-07 0.0117  2.46353E-07 0.0143
  2.06352E-07 0.0157  6.13491E-07 0.0093  8.61808E-07 0.0078  9.41518E-07 0.0076
  3.71220E-07 0.0103  1.00016E-07 0.0162  1.54082E-07 0.0150  3.93786E-07 0.0102
  2.25281E-07 0.0129  2.63137E-07 0.0122  1.54567E-06 0.0059  3.92952E-07 0.0086
  2.24328E-06 0.0050  1.43506E-06 0.0058  1.84322E-06 0.0053  1.93564E-06 0.0050
  3.61090E-06 0.0038  1.32986E-06 0.0056  2.85313E-06 0.0043  1.02736E-06 0.0064
  1.51895E-06 0.0054  5.47536E-06 0.0032  5.79148E-06 0.0030  2.08902E-06 0.0044
  2.32882E-06 0.0044  2.60523E-06 0.0042  3.72536E-06 0.0036  4.00987E-06 0.0034
  5.21877E-06 0.0029  2.67367E-06 0.0035  5.01286E-06 0.0029  4.90363E-06 0.0029
  4.20550E-06 0.0030  5.01977E-06 0.0029  5.30227E-06 0.0028  5.56036E-06 0.0027
  5.90266E-06 0.0027  6.18746E-06 0.0026  6.56853E-06 0.0025  1.43766E-05 0.0019
  7.80293E-06 0.0023  4.03156E-06 0.0032  1.51089E-06 0.0051  7.08141E-07 0.0073
  1.94409E-06 0.0045  1.78372E-05 0.0017  1.96382E-05 0.0016  1.05027E-05 0.0020
  1.10370E-05 0.0020  2.35486E-05 0.0015  2.58257E-05 0.0014  1.38325E-05 0.0018
  1.44700E-05 0.0018  1.50850E-05 0.0017  1.57676E-05 0.0017  1.62883E-05 0.0017
  1.68411E-05 0.0016  1.73295E-05 0.0016  1.78195E-05 0.0016  1.83246E-05 0.0016
  1.88436E-05 0.0015  1.93383E-05 0.0015  2.00124E-05 0.0015  2.42698E-05 0.0014
  1.79902E-05 0.0016  4.55355E-05 0.0010  2.40496E-05 0.0014  2.48537E-05 0.0013
  2.55157E-05 0.0013  2.61745E-05 0.0013  2.67956E-05 0.0013  2.71017E-05 0.0013
  2.73018E-05 0.0013  2.72935E-05 0.0013  2.73765E-05 0.0013  2.74295E-05 0.0013
  2.75087E-05 0.0013  2.76523E-05 0.0013  2.77915E-05 0.0013  2.77988E-05 0.0013
  1.85762E-05 0.0015  9.24027E-06 0.0021  4.59016E-06 0.0029  4.62326E-06 0.0029
  1.84322E-05 0.0015  2.75047E-05 0.0013  2.74322E-05 0.0013  2.73921E-05 0.0013
  2.73467E-05 0.0013  2.74348E-05 0.0013  2.77173E-05 0.0013  5.60282E-05 0.0009
  5.76252E-05 0.0009  6.02719E-05 0.0009  3.14139E-05 0.0012  3.22588E-05 0.0012
  3.33383E-05 0.0012  3.44674E-05 0.0011  3.56977E-05 0.0011  3.70832E-05 0.0011
  3.84190E-05 0.0011  2.64382E-05 0.0013  1.34730E-05 0.0018  4.15474E-05 0.0010
  4.31679E-05 0.0010  4.49895E-05 0.0010  4.69590E-05 0.0010  4.89957E-05 0.0010
  5.12481E-05 0.0009  5.34773E-05 0.0009  5.59777E-05 0.0009  5.86295E-05 0.0009
  6.13159E-05 0.0008  6.41690E-05 0.0008  6.70953E-05 0.0008  3.47850E-05 0.0011
  3.56237E-05 0.0011  7.38113E-05 0.0008  3.82261E-05 0.0011  3.91020E-05 0.0011
  4.01802E-05 0.0010  4.11047E-05 0.0010  8.53950E-05 0.0007  8.94726E-05 0.0007
  4.64546E-05 0.0010  4.75543E-05 0.0010  2.53801E-04 0.0004  3.05342E-03 0.0001
tfc   13       1       1       1       1       1       1     176       1
    4096000  3.05291E-03  2.30083E-04  3.11628E+07
    8192000  3.05329E-03  1.62710E-04  3.11462E+07
   12288000  3.05340E-03  1.32842E-04  3.11405E+07
   16384000  3.05318E-03  1.15013E-04  3.11535E+07
   20480000  3.05328E-03  1.02881E-04  3.09615E+07
   24576000  3.05346E-03  0.00000E+00  1.00000E+30
   28672000  3.05336E-03  0.00000E+00  1.00000E+30
   32768000  3.05341E-03  0.00000E+00  1.00000E+30
   36864000  3.05347E-03  0.00000E+00  1.00000E+30
   40960000  3.05342E-03  0.00000E+00  1.00000E+30
   45056000  3.05348E-03  0.00000E+00  1.00000E+30
   49152000  3.05344E-03  0.00000E+00  1.00000E+30
   52190409  3.05342E-03  0.00000E+00  1.00000E+30
tally   14    1    0
     Tally of the total xs reaction                                             
f        1
      1
d        1
u        0
s        0
m        1
c        0
et     176
  1.00001E-07  4.13994E-07  5.31579E-07  6.82560E-07  8.76425E-07  1.12300E-06
  1.44000E-06  1.85539E-06  2.38237E-06  3.05902E-06  3.92786E-06  5.04348E-06
  6.47595E-06  8.31529E-06  1.06770E-05  1.37096E-05  1.76035E-05  2.26033E-05
  2.90232E-05  3.72665E-05  4.78512E-05  6.14421E-05  7.88932E-05  1.01301E-04
  1.30073E-04  1.67017E-04  2.14454E-04  2.75364E-04  3.53575E-04  4.53999E-04
  5.82947E-04  7.48518E-04  9.61117E-04  1.23410E-03  1.58461E-03  2.03468E-03
  2.24867E-03  2.48517E-03  2.61259E-03  2.74654E-03  3.03539E-03  3.35463E-03
  3.70744E-03  4.30742E-03  5.53084E-03  7.10174E-03  9.11882E-03  1.05946E-02
  1.17088E-02  1.50344E-02  1.93045E-02  2.18749E-02  2.35786E-02  2.41755E-02
  2.47875E-02  2.60584E-02  2.70001E-02  2.85011E-02  3.18278E-02  3.43067E-02
  4.08677E-02  4.63092E-02  5.24752E-02  5.65622E-02  6.73795E-02  7.20245E-02
  7.94987E-02  8.25034E-02  8.65170E-02  9.80365E-02  1.11090E-01  1.16786E-01
  1.22773E-01  1.29068E-01  1.35686E-01  1.42642E-01  1.49956E-01  1.57644E-01
  1.65727E-01  1.74224E-01  1.83156E-01  1.92547E-01  2.02419E-01  2.12797E-01
  2.23708E-01  2.35177E-01  2.47235E-01  2.73237E-01  2.87246E-01  2.94518E-01
  2.97211E-01  2.98491E-01  3.01974E-01  3.33733E-01  3.68832E-01  3.87742E-01
  4.07622E-01  4.50492E-01  4.97871E-01  5.23397E-01  5.50232E-01  5.78443E-01
  6.08101E-01  6.39279E-01  6.72055E-01  7.06512E-01  7.42736E-01  7.80817E-01
  8.20850E-01  8.62936E-01  9.07180E-01  9.61672E-01  1.00259E+00  1.10803E+00
  1.16484E+00  1.22456E+00  1.28735E+00  1.35335E+00  1.42274E+00  1.49569E+00
  1.57237E+00  1.65299E+00  1.73774E+00  1.82684E+00  1.92050E+00  2.01897E+00
  2.12248E+00  2.23130E+00  2.30693E+00  2.34570E+00  2.36533E+00  2.38513E+00
  2.46597E+00  2.59240E+00  2.72532E+00  2.86505E+00  3.01194E+00  3.16637E+00
  3.32871E+00  3.67879E+00  4.06570E+00  4.49329E+00  4.72367E+00  4.96585E+00
  5.22046E+00  5.48812E+00  5.76950E+00  6.06531E+00  6.37628E+00  6.59241E+00
  6.70320E+00  7.04688E+00  7.40818E+00  7.78801E+00  8.18731E+00  8.60708E+00
  9.04837E+00  9.51229E+00  1.00000E+01  1.05127E+01  1.10517E+01  1.16183E+01
  1.22140E+01  1.25232E+01  1.28403E+01  1.34986E+01  1.38403E+01  1.41907E+01
  1.45499E+01  1.49182E+01  1.56831E+01  1.64872E+01  1.69046E+01  1.73325E+01
  1.96403E+01
t        0
vals
  0.00000E+00 0.0000  5.26807E-35 1.0000  0.00000E+00 0.0000  0.00000E+00 0.0000
  0.00000E+00 0.0000  0.00000E+00 0.0000  0.00000E+00 0.0000  1.74693E-34 0.5000
  4.22874E-35 1.0000  4.09172E-35 1.0000  7.98917E-35 0.7071  1.87920E-34 0.4492
  1.77841E-34 0.5983  3.68097E-34 0.3382  2.22070E-34 0.4083  2.18295E-34 0.4083
  5.24288E-34 0.2620  2.99040E-34 0.3436  7.70302E-34 0.2229  8.73487E-34 0.2197
  1.39005E-33 0.1658  1.12100E-33 0.1769  1.79632E-33 0.1454  1.73174E-33 0.1376
  2.78518E-33 0.1108  3.11215E-33 0.1052  4.73012E-33 0.0861  4.88712E-33 0.0811
  6.34971E-33 0.0718  8.65375E-33 0.0610  1.18649E-32 0.0519  1.52030E-32 0.0468
  2.09331E-32 0.0411  2.85507E-32 0.0365  4.56984E-32 0.0312  8.67092E-32 0.0270
  6.05942E-32 0.0367  1.02946E-31 0.0331  9.05696E-32 0.0369  1.53414E-31 0.0315
  6.43782E-31 0.0204  1.29001E-30 0.0191  1.56296E-30 0.0202  1.88310E-30 0.0212
  1.08200E-30 0.0192  1.91516E-31 0.0157  4.35272E-30 0.0135  1.58178E-30 0.0147
  5.45622E-31 0.0158  8.15086E-31 0.0096  8.74812E-31 0.0157  1.81487E-30 0.0113
  4.19842E-30 0.0104  1.26304E-30 0.0161  1.02331E-30 0.0151  1.69402E-30 0.0103
  1.48696E-30 0.0133  1.94912E-30 0.0131  5.67565E-30 0.0070  7.07319E-30 0.0082
  2.03187E-29 0.0056  9.25062E-30 0.0059  6.17235E-30 0.0057  2.82514E-30 0.0058
  1.64164E-29 0.0043  6.64608E-30 0.0060  9.86695E-30 0.0051  3.40287E-30 0.0064
  3.54897E-30 0.0054  1.77465E-29 0.0037  2.89714E-29 0.0033  9.44869E-30 0.0045
  6.76490E-30 0.0044  5.21085E-30 0.0042  4.13781E-30 0.0037  1.08508E-29 0.0040
  1.34948E-29 0.0034  2.70156E-29 0.0035  1.80770E-29 0.0030  2.53320E-29 0.0032
  2.66312E-29 0.0031  2.33801E-29 0.0029  2.40418E-29 0.0028  2.45806E-29 0.0027
  2.54552E-29 0.0027  2.60287E-29 0.0026  2.69540E-29 0.0025  5.68228E-29 0.0019
  2.97223E-29 0.0023  1.50749E-29 0.0032  5.60233E-30 0.0051  2.61692E-30 0.0073
  7.15669E-30 0.0045  6.41069E-29 0.0017  6.76538E-29 0.0016  3.50562E-29 0.0020
  3.60777E-29 0.0020  7.50213E-29 0.0015  7.96194E-29 0.0014  4.17121E-29 0.0018
  4.31645E-29 0.0018  4.45150E-29 0.0017  4.60393E-29 0.0017  4.72567E-29 0.0017
  4.86273E-29 0.0016  4.98040E-29 0.0016  5.11699E-29 0.0016  5.26811E-29 0.0016
  5.42739E-29 0.0015  5.60285E-29 0.0015  5.83659E-29 0.0015  7.15258E-29 0.0014
  5.36106E-29 0.0016  1.38696E-28 0.0010  7.51369E-29 0.0014  7.89675E-29 0.0013
  8.24699E-29 0.0013  8.60256E-29 0.0013  8.95940E-29 0.0013  9.22472E-29 0.0013
  9.45608E-29 0.0013  9.61224E-29 0.0013  9.79027E-29 0.0013  9.95214E-29 0.0013
  1.01006E-28 0.0013  1.02685E-28 0.0013  1.03982E-28 0.0013  1.04604E-28 0.0013
  7.02350E-29 0.0015  3.50354E-29 0.0021  1.74281E-29 0.0029  1.75702E-29 0.0029
  7.02168E-29 0.0015  1.05157E-28 0.0013  1.04834E-28 0.0013  1.04536E-28 0.0013
  1.04215E-28 0.0013  1.04237E-28 0.0013  1.04821E-28 0.0013  2.09870E-28 0.0009
  2.12459E-28 0.0009  2.18171E-28 0.0009  1.12004E-28 0.0012  1.13766E-28 0.0012
  1.16256E-28 0.0012  1.18768E-28 0.0011  1.21507E-28 0.0011  1.24606E-28 0.0011
  1.27340E-28 0.0011  8.66118E-29 0.0013  4.38080E-29 0.0018  1.33724E-28 0.0010
  1.36730E-28 0.0010  1.40129E-28 0.0010  1.43692E-28 0.0010  1.47168E-28 0.0010
  1.51000E-28 0.0009  1.54311E-28 0.0009  1.58355E-28 0.0009  1.62428E-28 0.0009
  1.66387E-28 0.0008  1.70385E-28 0.0008  1.74418E-28 0.0008  8.89002E-29 0.0011
  9.00381E-29 0.0011  1.83543E-28 0.0008  9.34662E-29 0.0011  9.45932E-29 0.0011
  9.61406E-29 0.0010  9.73061E-29 0.0010  1.99002E-28 0.0007  2.04319E-28 0.0007
  1.04558E-28 0.0010  1.06047E-28 0.0010  5.52345E-28 0.0004  9.29349E-27 0.0001
tfc   13       1       1       1       1       1       1     176       1
    4096000  9.29310E-27  2.89124E-04  1.97349E+07
    8192000  9.29313E-27  2.04221E-04  1.97711E+07
   12288000  9.29324E-27  1.66775E-04  1.97576E+07
   16384000  9.29274E-27  1.44456E-04  1.97481E+07
   20480000  9.29291E-27  1.29230E-04  1.96232E+07
   24576000  9.29351E-27  1.18016E-04  1.94893E+07
   28672000  9.29330E-27  1.09267E-04  1.93787E+07
   32768000  9.29341E-27  1.02191E-04  1.86339E+07
   36864000  9.29365E-27  0.00000E+00  1.00000E+30
   40960000  9.29341E-27  0.00000E+00  1.00000E+30
   45056000  9.29359E-27  0.00000E+00  1.00000E+30
   49152000  9.29360E-27  0.00000E+00  1.00000E+30
   52190409  9.29349E-27  0.00000E+00  1.00000E+30
