         1         1         1        16                     04/25/13 15:39:48 
         1
   3.0000       8.0000       4.0000       0.0000      -1.0000       0.0000    
   2.0000       2.0000       2.0000       0.0000       70.000       0.0000    
   71.000      -1.0000       0.0000       2.0000    
   0.0000       2.0000       35.000       1.0000       1.0000       71.000    
   1.0000    
   0.0000       4.0000       35.000       1.0000       4.0000       71.000    
   1.0000    
   0.0000       2.0000      0.50000       1.0000       2.0000       1.0000    
   1.0000    
   100.00    
  0.50000      0.46694       2.4946      0.14862      0.17872      0.54701    
  0.75187E-01  0.80969E-01  0.95150E-01  0.30729E-01  0.33543E-01  0.31710E-01
  0.11694E-01  0.12354E-01  0.12333E-01  0.35911E-02  0.41499E-02  0.42437E-02
  0.12281E-02  0.13499E-02  0.12305E-02  0.40530E-03  0.42637E-03  0.42325E-03
  0.50288      0.59232       1.7965      0.14257      0.19233      0.68032    
  0.69991E-01  0.82025E-01  0.11766      0.29148E-01  0.33449E-01  0.36670E-01
  0.10417E-01  0.11548E-01  0.12026E-01  0.39610E-02  0.40549E-02  0.45620E-02
  0.13789E-02  0.12967E-02  0.14232E-02  0.43035E-03  0.43928E-03  0.46543E-03
  0.56040      0.98412      0.73560      0.15137      0.25129      0.16949    
  0.73008E-01  0.92851E-01  0.10278      0.28402E-01  0.31364E-01  0.40247E-01
  0.10357E-01  0.10088E-01  0.14910E-01  0.32386E-02  0.35878E-02  0.48668E-02
  0.11627E-02  0.12020E-02  0.13119E-02  0.41250E-03  0.39661E-03  0.42099E-03
  0.49533      0.58166      0.37343      0.13602      0.16788      0.28540    
  0.63429E-01  0.72247E-01  0.76947E-01  0.26488E-01  0.30299E-01  0.30559E-01
  0.11042E-01  0.11238E-01  0.13654E-01  0.34424E-02  0.36336E-02  0.43668E-02
  0.11454E-02  0.11850E-02  0.13319E-02  0.39259E-03  0.39886E-03  0.45941E-03
