         1         1         1        16                     04/25/13 15:40:21 
         1
   3.0000       8.0000       4.0000       0.0000      -1.0000       0.0000    
   2.0000       2.0000       2.0000       0.0000       70.000       0.0000    
   71.000      -1.0000       0.0000       2.0000    
   0.0000       2.0000       35.000       1.0000       1.0000       71.000    
   1.0000    
   0.0000       4.0000       35.000       1.0000       4.0000       71.000    
   1.0000    
   0.0000       2.0000      0.50000       1.0000       2.0000       1.0000    
   1.0000    
   100.00    
  0.50000      0.59945       5.3453      0.14840      0.21455      0.62988    
  0.74231E-01  0.77192E-01  0.15646      0.32822E-01  0.33105E-01  0.41836E-01
  0.12587E-01  0.11922E-01  0.13815E-01  0.38202E-02  0.38640E-02  0.45926E-02
  0.11461E-02  0.12263E-02  0.12538E-02  0.37934E-03  0.40018E-03  0.40932E-03
  0.48678      0.53335      0.76505      0.14135      0.15987      0.13391    
  0.67879E-01  0.74074E-01  0.61037E-01  0.27578E-01  0.24818E-01  0.26773E-01
  0.10827E-01  0.99317E-02  0.95170E-02  0.37870E-02  0.38473E-02  0.34188E-02
  0.11375E-02  0.12541E-02  0.12426E-02  0.38035E-03  0.42554E-03  0.40296E-03
  0.48024       1.0317       3.1272      0.13073      0.20312      0.30990    
  0.60684E-01  0.65138E-01  0.81882E-01  0.27585E-01  0.25330E-01  0.24649E-01
  0.10596E-01  0.91068E-02  0.11498E-01  0.35273E-02  0.32753E-02  0.32479E-02
  0.11329E-02  0.11373E-02  0.10240E-02  0.37402E-03  0.39849E-03  0.37849E-03
  0.48862      0.51417      0.36903      0.12131      0.18772      0.40243    
  0.54231E-01  0.62199E-01  0.91545E-01  0.27917E-01  0.26126E-01  0.25305E-01
  0.10244E-01  0.10278E-01  0.89287E-02  0.34862E-02  0.36920E-02  0.30911E-02
  0.11362E-02  0.12676E-02  0.11643E-02  0.38934E-03  0.40370E-03  0.40492E-03
