         1         1         1        16                     04/25/13 15:40:07 
         1
   3.0000       8.0000       4.0000       0.0000      -1.0000       0.0000    
   2.0000       2.0000       2.0000       0.0000       70.000       0.0000    
   71.000      -1.0000       0.0000       2.0000    
   0.0000       2.0000       35.000       1.0000       1.0000       71.000    
   1.0000    
   0.0000       4.0000       35.000       1.0000       4.0000       71.000    
   1.0000    
   0.0000       2.0000      0.50000       1.0000       2.0000       1.0000    
   1.0000    
   100.00    
  0.50000      0.48456       0.0000      0.13615      0.16223      0.35091    
  0.69154E-01  0.65478E-01  0.52640E-01  0.31180E-01  0.30406E-01  0.21677E-01
  0.10687E-01  0.10045E-01  0.86269E-02  0.35797E-02  0.34404E-02  0.31316E-02
  0.11798E-02  0.11633E-02  0.10412E-02  0.38879E-03  0.39767E-03  0.35913E-03
  0.44697      0.44494       0.0000      0.13074      0.19065      0.26012    
  0.62123E-01  0.63586E-01  0.76943E-01  0.29342E-01  0.27648E-01  0.23952E-01
  0.10877E-01  0.10026E-01  0.90299E-02  0.35311E-02  0.34140E-02  0.32059E-02
  0.11151E-02  0.11100E-02  0.10672E-02  0.37414E-03  0.39829E-03  0.43333E-03
  0.49524      0.50557      0.14155      0.13236      0.18113      0.10278    
  0.60187E-01  0.70409E-01  0.61661E-01  0.27423E-01  0.28702E-01  0.23892E-01
  0.10186E-01  0.10162E-01  0.84245E-02  0.32820E-02  0.31530E-02  0.27588E-02
  0.11580E-02  0.11320E-02  0.10040E-02  0.36428E-03  0.38403E-03  0.35553E-03
  0.50014      0.52887       3.4550      0.14451      0.18994      0.37678    
  0.59948E-01  0.65576E-01  0.95497E-01  0.25452E-01  0.24101E-01  0.26692E-01
  0.98098E-02  0.92666E-02  0.10483E-01  0.30106E-02  0.33585E-02  0.35045E-02
  0.99619E-03  0.10848E-02  0.10717E-02  0.36337E-03  0.37407E-03  0.38163E-03
