         1         1         1        16                     05/02/13 16:49:19 
         1
   6.0000       10.000       4.0000       0.0000      -1.0000       0.0000    
   2.0000       3.0000       2.0000       0.0000       2010.0       0.0000    
   200.00      -1.0000       0.0000       2.0000    
   0.0000       4.0000       100.00       1.0000       2.0000       200.00    
   1.0000    
   0.0000       4.0000       180.00       1.0000       2.0000       1999.0    
   1.0000       4.0000       2011.0       1.0000    
   0.0000       2.0000      0.50000       1.0000       2.0000       1.0000    
   1.0000    
   100.00    
  0.50000      0.24975      0.43574       3.2267       0.0000       0.0000    
  0.40521E-01  0.29990E-01  0.23606E-01  0.13439       0.0000       0.0000    
  0.13095E-02  0.17687E-02  0.12948E-02  0.24614E-02   0.0000       0.0000    
  0.87061E-04  0.16206E-03  0.18548E-04  0.10445E-04   0.0000       0.0000    
  0.11176E-04  0.44776E-04  0.16650E-03  0.18051E-02   0.0000       0.0000    
  0.45721E-09  0.57018E-09  0.16716E-08  0.19683E-08   0.0000       0.0000    
  0.39910E-09  0.39629E-09  0.39528E-09  0.39807E-09   0.0000       0.0000    
  0.39881E-09  0.31767E-09  0.32499E-09  0.35951E-09   0.0000       0.0000    
  0.39976E-09  0.39809E-09  0.39510E-09  0.39672E-09   0.0000       0.0000    
  0.39899E-09  0.39798E-09  0.39837E-09  0.39805E-09   0.0000       0.0000    
  0.10952      0.23144      0.20852       3.5904       0.0000       0.0000    
  0.92339E-02  0.85841E-02  0.24672E-01  0.21617E-01   0.0000       0.0000    
  0.91107E-03  0.39826E-03  0.56085E-03  0.13337E-02   0.0000       0.0000    
  0.14041E-03  0.38573E-04  0.93184E-05  0.12028E-04   0.0000       0.0000    
  0.18300E-04  0.21201E-02  0.28487E-03  0.12344E-03   0.0000       0.0000    
  0.43039E-09  0.86096E-09  0.97624E-09  0.80558E-09   0.0000       0.0000    
  0.39295E-09  0.39479E-09  0.39459E-09  0.39744E-09   0.0000       0.0000    
  0.38956E-09  0.39410E-09  0.39380E-09  0.39634E-09   0.0000       0.0000    
  0.39159E-09  0.39400E-09  0.39461E-09  0.39969E-09   0.0000       0.0000    
  0.39634E-09  0.39489E-09  0.39339E-09  0.39996E-09   0.0000       0.0000    
  0.12167      0.25911E-01  0.77813      0.56806       0.0000       0.0000    
  0.27596E-01  0.14959E-01  0.16445E-01  0.86088E-01   0.0000       0.0000    
  0.16600E-02  0.11642E-02  0.52380E-03  0.89089E-03   0.0000       0.0000    
  0.40725E-04  0.13815E-04  0.40123E-04  0.72865E-04   0.0000       0.0000    
  0.26342E-02  0.29840E-03  0.12241E-02  0.36089E-03   0.0000       0.0000    
  0.52253E-09  0.72093E-09  0.81023E-09  0.94087E-09   0.0000       0.0000    
  0.39738E-09  0.39042E-09  0.38877E-09  0.39387E-09   0.0000       0.0000    
  0.39239E-09  0.39002E-09  0.38758E-09  0.39273E-09   0.0000       0.0000    
  0.39108E-09  0.39049E-09  0.38894E-09  0.39524E-09   0.0000       0.0000    
  0.39669E-09  0.39604E-09  0.39433E-09  0.39898E-09   0.0000       0.0000    
  0.37233      0.25435E-01  0.16043      0.78067       0.0000       0.0000    
  0.25078E-01  0.38681E-02  0.19069E-02  0.54032E-03   0.0000       0.0000    
  0.20457E-02  0.11847E-02  0.12320E-03  0.45927E-04   0.0000       0.0000    
  0.59584E-04  0.10678E-03  0.21532E-04  0.18161E-05   0.0000       0.0000    
   0.0000      0.14048E-02  0.48906E-05  0.23312E-05   0.0000       0.0000    
  0.41570E-09  0.44071E-09  0.47791E-09  0.72742E-09   0.0000       0.0000    
  0.39978E-09  0.39715E-09  0.35170E-09  0.40518E-09   0.0000       0.0000    
  0.39964E-09  0.35965E-09  0.35067E-09  0.39746E-09   0.0000       0.0000    
  0.39979E-09  0.39703E-09  0.39688E-09  0.39783E-09   0.0000       0.0000    
  0.40257E-09  0.39941E-09  0.39771E-09  0.39758E-09   0.0000       0.0000    
