         1         1         1        16                     05/02/13 16:53:02 
         1
   6.0000       10.000       4.0000       0.0000      -1.0000       0.0000    
   2.0000       3.0000       2.0000       0.0000       2010.0       0.0000    
   200.00      -1.0000       0.0000       2.0000    
   0.0000       4.0000       100.00       1.0000       2.0000       200.00    
   1.0000    
   0.0000       4.0000       180.00       1.0000       2.0000       1999.0    
   1.0000       4.0000       2011.0       1.0000    
   0.0000       2.0000      0.50000       1.0000       2.0000       1.0000    
   1.0000    
   100.00    
  0.50000      0.31521      0.23385       37.265       0.0000       0.0000    
  0.30611E-01  0.21690E-01  0.31025E-01  0.19476       0.0000       0.0000    
  0.10167E-02  0.91372E-03  0.27781E-02  0.76301E-02   0.0000       0.0000    
  0.17517E-04  0.21850E-04  0.40282E-04  0.67866E-04   0.0000       0.0000    
  0.18344E-04  0.80658E-05  0.16478E-04  0.16582E-03   0.0000       0.0000    
  0.21694E-07  0.17944E-07  0.21938E-07  0.25352E-07   0.0000       0.0000    
  0.49663E-08  0.50321E-08  0.50448E-08  0.52134E-08   0.0000       0.0000    
  0.47358E-08  0.49486E-08  0.49959E-08  0.51175E-08   0.0000       0.0000    
  0.44949E-08  0.48843E-08  0.49976E-08  0.51075E-08   0.0000       0.0000    
  0.49356E-08  0.49861E-08  0.50486E-08  0.51299E-08   0.0000       0.0000    
  0.39755      0.23524      0.40850       23.084       0.0000       0.0000    
  0.13679E-01  0.16471E-01  0.20863E-01  0.15719       0.0000       0.0000    
  0.65131E-03  0.95215E-03  0.10613E-02  0.30643E-02   0.0000       0.0000    
  0.15212E-04  0.20015E-04  0.45562E-04  0.78375E-04   0.0000       0.0000    
  0.83274E-05  0.17237E-04  0.15173E-04  0.73442E-04   0.0000       0.0000    
  0.29676E-07  0.11141E-07  0.15958E-07  0.52997E-07   0.0000       0.0000    
  0.47582E-08  0.49913E-08  0.50396E-08  0.51865E-08   0.0000       0.0000    
  0.47008E-08  0.49228E-08  0.49702E-08  0.50819E-08   0.0000       0.0000    
  0.45406E-08  0.49174E-08  0.49781E-08  0.50785E-08   0.0000       0.0000    
  0.47965E-08  0.50487E-08  0.50854E-08  0.51396E-08   0.0000       0.0000    
  0.77956      0.30411       8.4396       54.550       0.0000       0.0000    
  0.50046E-01  0.45471E-01  0.48111E-01  0.27935E-01   0.0000       0.0000    
  0.21139E-02  0.13407E-02  0.13157E-02  0.18780E-02   0.0000       0.0000    
  0.35162E-04  0.42052E-04  0.27059E-04  0.53256E-04   0.0000       0.0000    
  0.67834E-05  0.22942E-04  0.84033E-05  0.38540E-04   0.0000       0.0000    
  0.19556E-07  0.18046E-07  0.33771E-07  0.43940E-07   0.0000       0.0000    
  0.48491E-08  0.49436E-08  0.49901E-08  0.51594E-08   0.0000       0.0000    
  0.45600E-08  0.48704E-08  0.49032E-08  0.51135E-08   0.0000       0.0000    
  0.46227E-08  0.49626E-08  0.49266E-08  0.51238E-08   0.0000       0.0000    
  0.49464E-08  0.51008E-08  0.50588E-08  0.51727E-08   0.0000       0.0000    
  0.98835      0.74073      0.47841       24.143       0.0000       0.0000    
  0.39419E-01  0.34418E-01  0.55162E-01  0.68682E-01   0.0000       0.0000    
  0.14145E-02  0.11308E-02  0.11242E-02  0.22889E-02   0.0000       0.0000    
  0.20358E-04  0.42879E-04  0.36629E-04  0.54213E-04   0.0000       0.0000    
  0.43341E-04  0.10513E-04  0.15225E-04  0.38759E-04   0.0000       0.0000    
  0.91264E-08  0.18088E-07  0.22300E-07  0.32412E-07   0.0000       0.0000    
  0.49784E-08  0.50139E-08  0.50852E-08  0.51872E-08   0.0000       0.0000    
  0.47451E-08  0.49134E-08  0.50180E-08  0.51145E-08   0.0000       0.0000    
  0.47419E-08  0.49233E-08  0.50346E-08  0.50996E-08   0.0000       0.0000    
  0.49744E-08  0.50282E-08  0.51159E-08  0.51500E-08   0.0000       0.0000    
