         1         1         1        16                     05/02/13 16:56:33 
         1
   6.0000       10.000       4.0000       0.0000      -1.0000       0.0000    
   2.0000       3.0000       2.0000       0.0000       2010.0       0.0000    
   200.00      -1.0000       0.0000       2.0000    
   0.0000       4.0000       100.00       1.0000       2.0000       200.00    
   1.0000    
   0.0000       4.0000       180.00       1.0000       2.0000       1999.0    
   1.0000       4.0000       2011.0       1.0000    
   0.0000       2.0000      0.50000       1.0000       2.0000       1.0000    
   1.0000    
   100.00    
  0.50000      0.20099      0.59472       47.911       0.0000       0.0000    
  0.23133E-01  0.18206E-01  0.28024E-01  0.97585       0.0000       0.0000    
  0.13194E-02  0.79699E-03  0.66713E-03  0.12771E-02   0.0000       0.0000    
  0.27430E-04  0.26084E-04  0.26160E-04  0.46136E-04   0.0000       0.0000    
  0.11491E-04  0.75584E-05  0.12771E-04  0.46966E-04   0.0000       0.0000    
  0.22446E-07  0.18046E-07  0.22874E-07  0.27169E-07   0.0000       0.0000    
  0.33136E-08  0.33305E-08  0.33377E-08  0.34852E-08   0.0000       0.0000    
  0.32042E-08  0.32566E-08  0.32830E-08  0.34140E-08   0.0000       0.0000    
  0.31321E-08  0.32507E-08  0.33016E-08  0.34044E-08   0.0000       0.0000    
  0.32930E-08  0.33406E-08  0.33776E-08  0.34464E-08   0.0000       0.0000    
  0.50949      0.18320      0.69634       41.121       0.0000       0.0000    
  0.21447E-01  0.20166E-01  0.21022E-01  0.16291       0.0000       0.0000    
  0.10927E-02  0.71646E-03  0.73285E-03  0.86393E-03   0.0000       0.0000    
  0.20802E-04  0.26374E-04  0.32653E-04  0.53184E-04   0.0000       0.0000    
  0.89255E-05  0.96707E-05  0.80609E-05  0.55923E-04   0.0000       0.0000    
  0.14815E-07  0.28573E-07  0.28467E-07  0.33342E-07   0.0000       0.0000    
  0.33356E-08  0.33500E-08  0.33469E-08  0.34368E-08   0.0000       0.0000    
  0.31974E-08  0.32810E-08  0.32869E-08  0.33863E-08   0.0000       0.0000    
  0.31677E-08  0.32841E-08  0.32985E-08  0.33812E-08   0.0000       0.0000    
  0.33056E-08  0.33824E-08  0.33801E-08  0.34360E-08   0.0000       0.0000    
  0.38126      0.21696      0.33756       9.4688       0.0000       0.0000    
  0.18478E-01  0.22208E-01  0.23476E-01  0.21931E-01   0.0000       0.0000    
  0.84698E-03  0.81039E-03  0.71060E-03  0.67965E-03   0.0000       0.0000    
  0.24782E-04  0.25148E-04  0.30090E-04  0.24617E-04   0.0000       0.0000    
  0.93247E-05  0.80362E-05  0.71094E-05  0.15796E-04   0.0000       0.0000    
  0.21636E-07  0.17357E-07  0.16834E-07  0.24518E-07   0.0000       0.0000    
  0.33334E-08  0.33270E-08  0.33413E-08  0.34389E-08   0.0000       0.0000    
  0.32138E-08  0.32739E-08  0.32992E-08  0.33993E-08   0.0000       0.0000    
  0.32545E-08  0.32908E-08  0.33168E-08  0.33922E-08   0.0000       0.0000    
  0.33236E-08  0.33447E-08  0.33817E-08  0.34319E-08   0.0000       0.0000    
  0.42972      0.18991      0.57779       31.646       0.0000       0.0000    
  0.22296E-01  0.16474E-01  0.16847E-01  0.68063E-01   0.0000       0.0000    
  0.10407E-02  0.86797E-03  0.80205E-03  0.16172E-02   0.0000       0.0000    
  0.24662E-04  0.30486E-04  0.32761E-04  0.40509E-04   0.0000       0.0000    
  0.10095E-04  0.97874E-05  0.10213E-04  0.16263E-04   0.0000       0.0000    
  0.19394E-07  0.21277E-07  0.25002E-07  0.27899E-07   0.0000       0.0000    
  0.33094E-08  0.33446E-08  0.33493E-08  0.34368E-08   0.0000       0.0000    
  0.31741E-08  0.32755E-08  0.33004E-08  0.33929E-08   0.0000       0.0000    
  0.31590E-08  0.32605E-08  0.33027E-08  0.33929E-08   0.0000       0.0000    
  0.32965E-08  0.33640E-08  0.33990E-08  0.34393E-08   0.0000       0.0000    
