mcnp       5     05/08/13 18:10:54     2    56926212      550025501
 Run-script for NE506 project - Matthew Klebenow                                
ntal     2
    4   14
tally    4    1    0
     Tally of the flux reported in VITAMIN-J 175Gp structure                    
f        1
      1
d        1
u        0
s        0
m        0
c        0
et     176
  1.00001E-07  4.13994E-07  5.31579E-07  6.82560E-07  8.76425E-07  1.12300E-06
  1.44000E-06  1.85539E-06  2.38237E-06  3.05902E-06  3.92786E-06  5.04348E-06
  6.47595E-06  8.31529E-06  1.06770E-05  1.37096E-05  1.76035E-05  2.26033E-05
  2.90232E-05  3.72665E-05  4.78512E-05  6.14421E-05  7.88932E-05  1.01301E-04
  1.30073E-04  1.67017E-04  2.14454E-04  2.75364E-04  3.53575E-04  4.53999E-04
  5.82947E-04  7.48518E-04  9.61117E-04  1.23410E-03  1.58461E-03  2.03468E-03
  2.24867E-03  2.48517E-03  2.61259E-03  2.74654E-03  3.03539E-03  3.35463E-03
  3.70744E-03  4.30742E-03  5.53084E-03  7.10174E-03  9.11882E-03  1.05946E-02
  1.17088E-02  1.50344E-02  1.93045E-02  2.18749E-02  2.35786E-02  2.41755E-02
  2.47875E-02  2.60584E-02  2.70001E-02  2.85011E-02  3.18278E-02  3.43067E-02
  4.08677E-02  4.63092E-02  5.24752E-02  5.65622E-02  6.73795E-02  7.20245E-02
  7.94987E-02  8.25034E-02  8.65170E-02  9.80365E-02  1.11090E-01  1.16786E-01
  1.22773E-01  1.29068E-01  1.35686E-01  1.42642E-01  1.49956E-01  1.57644E-01
  1.65727E-01  1.74224E-01  1.83156E-01  1.92547E-01  2.02419E-01  2.12797E-01
  2.23708E-01  2.35177E-01  2.47235E-01  2.73237E-01  2.87246E-01  2.94518E-01
  2.97211E-01  2.98491E-01  3.01974E-01  3.33733E-01  3.68832E-01  3.87742E-01
  4.07622E-01  4.50492E-01  4.97871E-01  5.23397E-01  5.50232E-01  5.78443E-01
  6.08101E-01  6.39279E-01  6.72055E-01  7.06512E-01  7.42736E-01  7.80817E-01
  8.20850E-01  8.62936E-01  9.07180E-01  9.61672E-01  1.00259E+00  1.10803E+00
  1.16484E+00  1.22456E+00  1.28735E+00  1.35335E+00  1.42274E+00  1.49569E+00
  1.57237E+00  1.65299E+00  1.73774E+00  1.82684E+00  1.92050E+00  2.01897E+00
  2.12248E+00  2.23130E+00  2.30693E+00  2.34570E+00  2.36533E+00  2.38513E+00
  2.46597E+00  2.59240E+00  2.72532E+00  2.86505E+00  3.01194E+00  3.16637E+00
  3.32871E+00  3.67879E+00  4.06570E+00  4.49329E+00  4.72367E+00  4.96585E+00
  5.22046E+00  5.48812E+00  5.76950E+00  6.06531E+00  6.37628E+00  6.59241E+00
  6.70320E+00  7.04688E+00  7.40818E+00  7.78801E+00  8.18731E+00  8.60708E+00
  9.04837E+00  9.51229E+00  1.00000E+01  1.05127E+01  1.10517E+01  1.16183E+01
  1.22140E+01  1.25232E+01  1.28403E+01  1.34986E+01  1.38403E+01  1.41907E+01
  1.45499E+01  1.49182E+01  1.56831E+01  1.64872E+01  1.69046E+01  1.73325E+01
  1.96403E+01
t        0
vals
  0.00000E+00 0.0000  1.17859E-10 1.0000  4.68284E-11 0.9612  0.00000E+00 0.0000
  0.00000E+00 0.0000  0.00000E+00 0.0000  4.12578E-11 1.0000  1.98412E-10 0.5652
  6.73763E-11 0.7390  5.95472E-11 0.7828  1.68796E-10 0.5263  4.48596E-10 0.3854
  3.52968E-10 0.4177  5.30837E-10 0.3672  5.45164E-10 0.3213  5.39998E-10 0.3114
  8.43307E-10 0.2846  1.03504E-09 0.2207  1.77495E-09 0.1793  2.02880E-09 0.1757
  2.40770E-09 0.1530  2.63851E-09 0.1457  4.12561E-09 0.1164  5.91274E-09 0.1042
  8.24635E-09 0.0885  9.00496E-09 0.0819  1.19596E-08 0.0687  1.44546E-08 0.0643
  1.83300E-08 0.0580  2.33167E-08 0.0500  3.28138E-08 0.0438  3.95886E-08 0.0394
  4.75225E-08 0.0362  6.25351E-08 0.0311  8.36089E-08 0.0274  1.03317E-07 0.0244
  4.69252E-08 0.0310  5.04376E-08 0.0300  2.76094E-08 0.0367  3.10709E-08 0.0344
  6.19626E-08 0.0273  6.71252E-08 0.0260  7.36736E-08 0.0251  1.22799E-07 0.0206
  2.66868E-07 0.0151  3.48823E-07 0.0130  4.55641E-07 0.0113  3.27734E-07 0.0126
  2.38872E-07 0.0142  6.57530E-07 0.0092  7.66411E-07 0.0083  4.26824E-07 0.0105
  2.74222E-07 0.0127  1.19528E-07 0.0194  2.07107E-07 0.0150  8.60799E-07 0.0072
  4.77870E-07 0.0083  1.37924E-07 0.0087  5.28022E-07 0.0076  5.51970E-07 0.0082
  1.51855E-06 0.0060  1.25481E-06 0.0063  1.38648E-06 0.0060  9.17371E-07 0.0070
  2.32110E-06 0.0047  1.20509E-06 0.0060  1.80985E-06 0.0051  1.35463E-06 0.0056
  7.75869E-07 0.0066  2.76190E-06 0.0042  3.11791E-06 0.0039  1.42643E-06 0.0055
  1.45161E-06 0.0054  1.82537E-06 0.0049  2.06441E-06 0.0045  2.22466E-06 0.0044
  1.50252E-06 0.0049  1.82360E-06 0.0047  2.30923E-06 0.0043  2.14833E-06 0.0045
  3.27126E-06 0.0036  2.90527E-06 0.0038  2.45867E-06 0.0040  3.00480E-06 0.0037
  3.24062E-06 0.0036  2.94397E-06 0.0037  3.47850E-06 0.0035  8.19414E-06 0.0023
  3.61219E-06 0.0034  1.87674E-06 0.0046  8.17750E-07 0.0071  4.14502E-07 0.0100
  1.16597E-06 0.0060  9.86256E-06 0.0022  1.22667E-05 0.0020  7.56295E-06 0.0024
  6.26245E-06 0.0025  1.33337E-05 0.0018  1.58366E-05 0.0017  8.17055E-06 0.0023
  8.84652E-06 0.0022  8.87632E-06 0.0022  9.70685E-06 0.0021  1.16762E-05 0.0019
  1.26311E-05 0.0018  1.27583E-05 0.0018  1.33871E-05 0.0018  1.30780E-05 0.0018
  1.31862E-05 0.0018  1.36354E-05 0.0018  1.40782E-05 0.0017  1.85942E-05 0.0015
  1.33036E-05 0.0018  3.38368E-05 0.0011  1.86776E-05 0.0015  2.04139E-05 0.0014
  1.90883E-05 0.0015  2.03943E-05 0.0014  2.03983E-05 0.0014  2.08634E-05 0.0014
  2.20974E-05 0.0014  2.26187E-05 0.0014  2.37757E-05 0.0013  2.43348E-05 0.0013
  2.40264E-05 0.0013  2.43646E-05 0.0013  2.52406E-05 0.0013  2.60288E-05 0.0013
  1.78764E-05 0.0015  8.79366E-06 0.0021  4.68067E-06 0.0029  4.66600E-06 0.0029
  1.83679E-05 0.0015  2.73180E-05 0.0012  2.82044E-05 0.0012  2.81261E-05 0.0012
  2.86162E-05 0.0012  2.85969E-05 0.0012  2.89189E-05 0.0012  5.92552E-05 0.0008
  6.14155E-05 0.0008  6.40561E-05 0.0008  3.31893E-05 0.0011  3.38790E-05 0.0011
  3.49044E-05 0.0011  3.58660E-05 0.0011  3.69661E-05 0.0011  3.80612E-05 0.0010
  3.94406E-05 0.0010  2.70237E-05 0.0012  1.37280E-05 0.0017  4.23861E-05 0.0010
  4.40440E-05 0.0010  4.58389E-05 0.0009  4.77620E-05 0.0009  4.97748E-05 0.0009
  5.21245E-05 0.0009  5.43478E-05 0.0009  5.68628E-05 0.0008  5.95027E-05 0.0008
  6.22840E-05 0.0008  6.51286E-05 0.0008  6.81525E-05 0.0008  3.53403E-05 0.0011
  3.62591E-05 0.0011  7.52752E-05 0.0007  3.90293E-05 0.0010  3.99438E-05 0.0010
  4.09934E-05 0.0010  4.18198E-05 0.0010  8.66068E-05 0.0007  9.08773E-05 0.0007
  4.72442E-05 0.0009  4.85244E-05 0.0009  2.59526E-04 0.0004  2.85500E-03 0.0001
tfc   14       1       1       1       1       1       1     176       1
    4096000  2.85506E-03  1.88335E-04  4.88521E+07
    8192000  2.85519E-03  1.33231E-04  4.87788E+07
   12288000  2.85517E-03  1.08768E-04  4.87552E+07
   16384000  2.85496E-03  0.00000E+00  1.00000E+30
   20480000  2.85485E-03  0.00000E+00  1.00000E+30
   24576000  2.85494E-03  0.00000E+00  1.00000E+30
   28672000  2.85483E-03  0.00000E+00  1.00000E+30
   32768000  2.85492E-03  0.00000E+00  1.00000E+30
   36864000  2.85500E-03  0.00000E+00  1.00000E+30
   40960000  2.85499E-03  0.00000E+00  1.00000E+30
   45056000  2.85500E-03  0.00000E+00  1.00000E+30
   49152000  2.85497E-03  0.00000E+00  1.00000E+30
   53248000  2.85495E-03  0.00000E+00  1.00000E+30
   56926212  2.85500E-03  0.00000E+00  1.00000E+30
tally   14    1    0
     Tally of the total xs reaction                                             
f        1
      1
d        1
u        0
s        0
m        1
c        0
et     176
  1.00001E-07  4.13994E-07  5.31579E-07  6.82560E-07  8.76425E-07  1.12300E-06
  1.44000E-06  1.85539E-06  2.38237E-06  3.05902E-06  3.92786E-06  5.04348E-06
  6.47595E-06  8.31529E-06  1.06770E-05  1.37096E-05  1.76035E-05  2.26033E-05
  2.90232E-05  3.72665E-05  4.78512E-05  6.14421E-05  7.88932E-05  1.01301E-04
  1.30073E-04  1.67017E-04  2.14454E-04  2.75364E-04  3.53575E-04  4.53999E-04
  5.82947E-04  7.48518E-04  9.61117E-04  1.23410E-03  1.58461E-03  2.03468E-03
  2.24867E-03  2.48517E-03  2.61259E-03  2.74654E-03  3.03539E-03  3.35463E-03
  3.70744E-03  4.30742E-03  5.53084E-03  7.10174E-03  9.11882E-03  1.05946E-02
  1.17088E-02  1.50344E-02  1.93045E-02  2.18749E-02  2.35786E-02  2.41755E-02
  2.47875E-02  2.60584E-02  2.70001E-02  2.85011E-02  3.18278E-02  3.43067E-02
  4.08677E-02  4.63092E-02  5.24752E-02  5.65622E-02  6.73795E-02  7.20245E-02
  7.94987E-02  8.25034E-02  8.65170E-02  9.80365E-02  1.11090E-01  1.16786E-01
  1.22773E-01  1.29068E-01  1.35686E-01  1.42642E-01  1.49956E-01  1.57644E-01
  1.65727E-01  1.74224E-01  1.83156E-01  1.92547E-01  2.02419E-01  2.12797E-01
  2.23708E-01  2.35177E-01  2.47235E-01  2.73237E-01  2.87246E-01  2.94518E-01
  2.97211E-01  2.98491E-01  3.01974E-01  3.33733E-01  3.68832E-01  3.87742E-01
  4.07622E-01  4.50492E-01  4.97871E-01  5.23397E-01  5.50232E-01  5.78443E-01
  6.08101E-01  6.39279E-01  6.72055E-01  7.06512E-01  7.42736E-01  7.80817E-01
  8.20850E-01  8.62936E-01  9.07180E-01  9.61672E-01  1.00259E+00  1.10803E+00
  1.16484E+00  1.22456E+00  1.28735E+00  1.35335E+00  1.42274E+00  1.49569E+00
  1.57237E+00  1.65299E+00  1.73774E+00  1.82684E+00  1.92050E+00  2.01897E+00
  2.12248E+00  2.23130E+00  2.30693E+00  2.34570E+00  2.36533E+00  2.38513E+00
  2.46597E+00  2.59240E+00  2.72532E+00  2.86505E+00  3.01194E+00  3.16637E+00
  3.32871E+00  3.67879E+00  4.06570E+00  4.49329E+00  4.72367E+00  4.96585E+00
  5.22046E+00  5.48812E+00  5.76950E+00  6.06531E+00  6.37628E+00  6.59241E+00
  6.70320E+00  7.04688E+00  7.40818E+00  7.78801E+00  8.18731E+00  8.60708E+00
  9.04837E+00  9.51229E+00  1.00000E+01  1.05127E+01  1.10517E+01  1.16183E+01
  1.22140E+01  1.25232E+01  1.28403E+01  1.34986E+01  1.38403E+01  1.41907E+01
  1.45499E+01  1.49182E+01  1.56831E+01  1.64872E+01  1.69046E+01  1.73325E+01
  1.96403E+01
t        0
vals
  0.00000E+00 0.0000  1.53031E-33 1.0000  5.92941E-34 0.9612  0.00000E+00 0.0000
  0.00000E+00 0.0000  0.00000E+00 0.0000  5.11585E-34 1.0000  2.45283E-33 0.5651
  8.29937E-34 0.7391  7.31196E-34 0.7828  2.06877E-33 0.5263  5.48562E-33 0.3854
  4.30630E-33 0.4178  6.46194E-33 0.3672  6.62104E-33 0.3214  6.54418E-33 0.3114
  1.01977E-32 0.2846  1.24815E-32 0.2207  2.13496E-32 0.1793  2.43282E-32 0.1757
  2.87592E-32 0.1530  3.13684E-32 0.1457  4.87715E-32 0.1164  6.94346E-32 0.1042
  9.60238E-32 0.0885  1.03746E-31 0.0819  1.35978E-31 0.0688  1.61715E-31 0.0642
  2.01009E-31 0.0580  2.49407E-31 0.0500  3.40721E-31 0.0438  3.96480E-31 0.0394
  4.56081E-31 0.0362  5.83594E-31 0.0310  7.20595E-31 0.0274  8.34586E-31 0.0245
  3.61233E-31 0.0310  3.77149E-31 0.0300  2.01637E-31 0.0367  2.23437E-31 0.0344
  4.34711E-31 0.0273  4.55632E-31 0.0260  4.83340E-31 0.0251  7.70706E-31 0.0206
  1.55361E-30 0.0151  1.83494E-30 0.0131  2.14191E-30 0.0113  1.38947E-30 0.0127
  9.38390E-31 0.0142  2.25713E-30 0.0092  1.92646E-30 0.0084  6.25123E-31 0.0107
  1.68572E-31 0.0138  1.54669E-32 0.0211  3.31707E-33 0.0183  8.40052E-31 0.0090
  4.09349E-30 0.0086  8.40589E-30 0.0082  1.23290E-29 0.0074  5.83985E-30 0.0082
  1.05244E-29 0.0060  6.54009E-30 0.0063  6.17736E-30 0.0061  3.47617E-30 0.0070
  6.99681E-30 0.0048  1.81074E-30 0.0063  6.83352E-30 0.0063  1.17221E-30 0.0089
  8.79789E-30 0.0066  1.44590E-29 0.0042  1.02913E-29 0.0040  3.62745E-30 0.0055
  3.03365E-30 0.0056  2.23638E-30 0.0066  5.04090E-30 0.0058  7.74293E-30 0.0063
  1.01251E-29 0.0050  6.57496E-30 0.0048  5.10160E-30 0.0044  6.87780E-30 0.0056
  5.21636E-30 0.0043  1.31151E-29 0.0047  1.32124E-29 0.0040  9.53308E-30 0.0038
  8.69852E-30 0.0046  1.02598E-29 0.0038  8.16166E-30 0.0040  1.36855E-29 0.0028
  1.45699E-29 0.0039  4.93541E-30 0.0049  1.34171E-30 0.0071  5.81471E-31 0.0100
  1.50291E-30 0.0067  2.44656E-29 0.0029  2.96560E-29 0.0025  2.02824E-29 0.0030
  3.40187E-29 0.0026  5.77989E-29 0.0020  4.81335E-29 0.0019  2.68872E-29 0.0024
  2.28290E-29 0.0024  2.34130E-29 0.0025  1.72667E-29 0.0024  1.65094E-29 0.0024
  2.07438E-29 0.0025  3.29235E-29 0.0021  4.09047E-29 0.0020  5.03964E-29 0.0019
  4.87354E-29 0.0019  3.39786E-29 0.0020  3.54992E-29 0.0018  2.98078E-29 0.0017
  3.67355E-29 0.0019  8.52015E-29 0.0012  4.17025E-29 0.0017  4.28102E-29 0.0016
  6.00541E-29 0.0015  5.77410E-29 0.0015  4.96767E-29 0.0015  6.26981E-29 0.0015
  6.76579E-29 0.0014  6.26424E-29 0.0014  6.46439E-29 0.0014  6.45847E-29 0.0013
  6.83880E-29 0.0013  7.94875E-29 0.0013  8.39260E-29 0.0013  8.07890E-29 0.0013
  4.99834E-29 0.0015  2.97382E-29 0.0021  1.17657E-29 0.0029  1.36536E-29 0.0029
  6.34588E-29 0.0015  1.02791E-28 0.0012  9.24459E-29 0.0012  9.46019E-29 0.0012
  9.33895E-29 0.0012  1.00707E-28 0.0012  9.77573E-29 0.0012  2.01515E-28 0.0008
  2.20385E-28 0.0008  2.34598E-28 0.0008  1.24123E-28 0.0011  1.25743E-28 0.0011
  1.28300E-28 0.0011  1.32585E-28 0.0011  1.35820E-28 0.0011  1.39738E-28 0.0010
  1.42815E-28 0.0010  9.91077E-29 0.0012  5.00124E-29 0.0017  1.52257E-28 0.0010
  1.57090E-28 0.0010  1.60635E-28 0.0009  1.64139E-28 0.0009  1.68330E-28 0.0009
  1.69859E-28 0.0009  1.75674E-28 0.0009  1.79634E-28 0.0008  1.83639E-28 0.0008
  1.87630E-28 0.0008  1.91013E-28 0.0008  1.93290E-28 0.0008  9.76006E-29 0.0011
  9.88328E-29 0.0011  2.01948E-28 0.0007  1.02762E-28 0.0010  1.03743E-28 0.0010
  1.04756E-28 0.0010  1.05336E-28 0.0010  2.13791E-28 0.0007  2.18139E-28 0.0007
  1.11019E-28 0.0009  1.12660E-28 0.0009  5.91618E-28 0.0004  8.53791E-27 0.0001
tfc   14       1       1       1       1       1       1     176       1
    4096000  8.53776E-27  2.47602E-04  2.82644E+07
    8192000  8.53847E-27  1.75292E-04  2.81785E+07
   12288000  8.53857E-27  1.43117E-04  2.81607E+07
   16384000  8.53801E-27  1.23880E-04  2.81947E+07
   20480000  8.53729E-27  1.10757E-04  2.82195E+07
   24576000  8.53755E-27  1.01139E-04  2.81944E+07
   28672000  8.53716E-27  0.00000E+00  1.00000E+30
   32768000  8.53738E-27  0.00000E+00  1.00000E+30
   36864000  8.53772E-27  0.00000E+00  1.00000E+30
   40960000  8.53775E-27  0.00000E+00  1.00000E+30
   45056000  8.53778E-27  0.00000E+00  1.00000E+30
   49152000  8.53781E-27  0.00000E+00  1.00000E+30
   53248000  8.53773E-27  0.00000E+00  1.00000E+30
   56926212  8.53791E-27  0.00000E+00  1.00000E+30
