mcnp       5     05/08/13 14:55:23     2    56909578      549863121
 Run-script for NE506 project - Matthew Klebenow                                
ntal     2
    4   14
tally    4    1    0
     Tally of the flux reported in VITAMIN-J 175Gp structure                    
f        1
      1
d        1
u        0
s        0
m        0
c        0
et     176
  1.00001E-07  4.13994E-07  5.31579E-07  6.82560E-07  8.76425E-07  1.12300E-06
  1.44000E-06  1.85539E-06  2.38237E-06  3.05902E-06  3.92786E-06  5.04348E-06
  6.47595E-06  8.31529E-06  1.06770E-05  1.37096E-05  1.76035E-05  2.26033E-05
  2.90232E-05  3.72665E-05  4.78512E-05  6.14421E-05  7.88932E-05  1.01301E-04
  1.30073E-04  1.67017E-04  2.14454E-04  2.75364E-04  3.53575E-04  4.53999E-04
  5.82947E-04  7.48518E-04  9.61117E-04  1.23410E-03  1.58461E-03  2.03468E-03
  2.24867E-03  2.48517E-03  2.61259E-03  2.74654E-03  3.03539E-03  3.35463E-03
  3.70744E-03  4.30742E-03  5.53084E-03  7.10174E-03  9.11882E-03  1.05946E-02
  1.17088E-02  1.50344E-02  1.93045E-02  2.18749E-02  2.35786E-02  2.41755E-02
  2.47875E-02  2.60584E-02  2.70001E-02  2.85011E-02  3.18278E-02  3.43067E-02
  4.08677E-02  4.63092E-02  5.24752E-02  5.65622E-02  6.73795E-02  7.20245E-02
  7.94987E-02  8.25034E-02  8.65170E-02  9.80365E-02  1.11090E-01  1.16786E-01
  1.22773E-01  1.29068E-01  1.35686E-01  1.42642E-01  1.49956E-01  1.57644E-01
  1.65727E-01  1.74224E-01  1.83156E-01  1.92547E-01  2.02419E-01  2.12797E-01
  2.23708E-01  2.35177E-01  2.47235E-01  2.73237E-01  2.87246E-01  2.94518E-01
  2.97211E-01  2.98491E-01  3.01974E-01  3.33733E-01  3.68832E-01  3.87742E-01
  4.07622E-01  4.50492E-01  4.97871E-01  5.23397E-01  5.50232E-01  5.78443E-01
  6.08101E-01  6.39279E-01  6.72055E-01  7.06512E-01  7.42736E-01  7.80817E-01
  8.20850E-01  8.62936E-01  9.07180E-01  9.61672E-01  1.00259E+00  1.10803E+00
  1.16484E+00  1.22456E+00  1.28735E+00  1.35335E+00  1.42274E+00  1.49569E+00
  1.57237E+00  1.65299E+00  1.73774E+00  1.82684E+00  1.92050E+00  2.01897E+00
  2.12248E+00  2.23130E+00  2.30693E+00  2.34570E+00  2.36533E+00  2.38513E+00
  2.46597E+00  2.59240E+00  2.72532E+00  2.86505E+00  3.01194E+00  3.16637E+00
  3.32871E+00  3.67879E+00  4.06570E+00  4.49329E+00  4.72367E+00  4.96585E+00
  5.22046E+00  5.48812E+00  5.76950E+00  6.06531E+00  6.37628E+00  6.59241E+00
  6.70320E+00  7.04688E+00  7.40818E+00  7.78801E+00  8.18731E+00  8.60708E+00
  9.04837E+00  9.51229E+00  1.00000E+01  1.05127E+01  1.10517E+01  1.16183E+01
  1.22140E+01  1.25232E+01  1.28403E+01  1.34986E+01  1.38403E+01  1.41907E+01
  1.45499E+01  1.49182E+01  1.56831E+01  1.64872E+01  1.69046E+01  1.73325E+01
  1.96403E+01
t        0
vals
  0.00000E+00 0.0000  1.17893E-10 1.0000  4.68421E-11 0.9612  0.00000E+00 0.0000
  0.00000E+00 0.0000  0.00000E+00 0.0000  4.12699E-11 1.0000  1.98470E-10 0.5652
  6.73960E-11 0.7390  5.95646E-11 0.7828  1.68846E-10 0.5263  4.48727E-10 0.3854
  3.53071E-10 0.4177  5.30993E-10 0.3672  5.45323E-10 0.3213  5.40156E-10 0.3114
  8.43553E-10 0.2846  1.03535E-09 0.2207  1.77547E-09 0.1793  2.02940E-09 0.1757
  2.40840E-09 0.1530  2.63928E-09 0.1457  4.12682E-09 0.1164  5.91447E-09 0.1042
  8.24876E-09 0.0885  9.00760E-09 0.0819  1.19631E-08 0.0687  1.44588E-08 0.0643
  1.83353E-08 0.0580  2.33235E-08 0.0500  3.28234E-08 0.0438  3.96002E-08 0.0394
  4.75364E-08 0.0362  6.25534E-08 0.0311  8.36333E-08 0.0274  1.03227E-07 0.0245
  4.69389E-08 0.0310  5.04078E-08 0.0300  2.76174E-08 0.0367  3.10800E-08 0.0344
  6.19807E-08 0.0273  6.71448E-08 0.0260  7.36951E-08 0.0251  1.22791E-07 0.0206
  2.66874E-07 0.0151  3.48835E-07 0.0130  4.55742E-07 0.0113  3.27786E-07 0.0126
  2.38830E-07 0.0142  6.57566E-07 0.0092  7.66352E-07 0.0083  4.26774E-07 0.0105
  2.74215E-07 0.0127  1.19466E-07 0.0194  2.06980E-07 0.0150  8.60678E-07 0.0072
  4.77905E-07 0.0083  1.37901E-07 0.0087  5.28007E-07 0.0076  5.51848E-07 0.0082
  1.51874E-06 0.0060  1.25504E-06 0.0063  1.38649E-06 0.0060  9.17411E-07 0.0070
  2.32127E-06 0.0047  1.20509E-06 0.0060  1.80969E-06 0.0052  1.35451E-06 0.0056
  7.75808E-07 0.0066  2.76184E-06 0.0042  3.11800E-06 0.0039  1.42658E-06 0.0055
  1.45165E-06 0.0054  1.82537E-06 0.0049  2.06432E-06 0.0045  2.22477E-06 0.0044
  1.50251E-06 0.0049  1.82371E-06 0.0047  2.30939E-06 0.0043  2.14829E-06 0.0045
  3.27118E-06 0.0036  2.90534E-06 0.0038  2.45876E-06 0.0040  3.00492E-06 0.0037
  3.24055E-06 0.0036  2.94416E-06 0.0037  3.47859E-06 0.0035  8.19431E-06 0.0023
  3.61202E-06 0.0034  1.87697E-06 0.0046  8.17863E-07 0.0071  4.14402E-07 0.0100
  1.16606E-06 0.0060  9.86212E-06 0.0022  1.22666E-05 0.0020  7.56235E-06 0.0024
  6.26248E-06 0.0025  1.33340E-05 0.0018  1.58361E-05 0.0017  8.17019E-06 0.0023
  8.84622E-06 0.0022  8.87638E-06 0.0022  9.70667E-06 0.0021  1.16764E-05 0.0019
  1.26310E-05 0.0018  1.27576E-05 0.0018  1.33873E-05 0.0018  1.30783E-05 0.0018
  1.31852E-05 0.0018  1.36355E-05 0.0018  1.40781E-05 0.0017  1.85935E-05 0.0015
  1.33040E-05 0.0018  3.38357E-05 0.0011  1.86777E-05 0.0015  2.04137E-05 0.0014
  1.90890E-05 0.0015  2.03951E-05 0.0014  2.03984E-05 0.0014  2.08633E-05 0.0014
  2.20971E-05 0.0014  2.26193E-05 0.0014  2.37759E-05 0.0013  2.43350E-05 0.0013
  2.40275E-05 0.0013  2.43649E-05 0.0013  2.52410E-05 0.0013  2.60288E-05 0.0013
  1.78761E-05 0.0015  8.79375E-06 0.0021  4.68027E-06 0.0029  4.66605E-06 0.0029
  1.83680E-05 0.0015  2.73174E-05 0.0012  2.82042E-05 0.0012  2.81255E-05 0.0012
  2.86150E-05 0.0012  2.85964E-05 0.0012  2.89193E-05 0.0012  5.92555E-05 0.0008
  6.14159E-05 0.0008  6.40561E-05 0.0008  3.31903E-05 0.0011  3.38790E-05 0.0011
  3.49052E-05 0.0011  3.58650E-05 0.0011  3.69651E-05 0.0011  3.80597E-05 0.0010
  3.94405E-05 0.0010  2.70239E-05 0.0012  1.37280E-05 0.0017  4.23862E-05 0.0010
  4.40438E-05 0.0010  4.58395E-05 0.0009  4.77615E-05 0.0009  4.97731E-05 0.0009
  5.21248E-05 0.0009  5.43485E-05 0.0009  5.68638E-05 0.0008  5.95035E-05 0.0008
  6.22852E-05 0.0008  6.51285E-05 0.0008  6.81534E-05 0.0008  3.53400E-05 0.0011
  3.62585E-05 0.0011  7.52738E-05 0.0007  3.90298E-05 0.0010  3.99451E-05 0.0010
  4.09927E-05 0.0010  4.18191E-05 0.0010  8.66074E-05 0.0007  9.08763E-05 0.0007
  4.72449E-05 0.0009  4.85237E-05 0.0009  2.59526E-04 0.0004  2.85500E-03 0.0001
tfc   14       1       1       1       1       1       1     176       1
    4096000  2.85506E-03  1.88335E-04  4.85771E+07
    8192000  2.85519E-03  1.33231E-04  4.85518E+07
   12288000  2.85517E-03  1.08768E-04  4.85721E+07
   16384000  2.85496E-03  0.00000E+00  1.00000E+30
   20480000  2.85485E-03  0.00000E+00  1.00000E+30
   24576000  2.85494E-03  0.00000E+00  1.00000E+30
   28672000  2.85483E-03  0.00000E+00  1.00000E+30
   32768000  2.85492E-03  0.00000E+00  1.00000E+30
   36864000  2.85500E-03  0.00000E+00  1.00000E+30
   40960000  2.85499E-03  0.00000E+00  1.00000E+30
   45056000  2.85500E-03  0.00000E+00  1.00000E+30
   49152000  2.85497E-03  0.00000E+00  1.00000E+30
   53248000  2.85495E-03  0.00000E+00  1.00000E+30
   56909578  2.85500E-03  0.00000E+00  1.00000E+30
tally   14    1    0
     Tally of the total xs reaction                                             
f        1
      1
d        1
u        0
s        0
m        1
c        0
et     176
  1.00001E-07  4.13994E-07  5.31579E-07  6.82560E-07  8.76425E-07  1.12300E-06
  1.44000E-06  1.85539E-06  2.38237E-06  3.05902E-06  3.92786E-06  5.04348E-06
  6.47595E-06  8.31529E-06  1.06770E-05  1.37096E-05  1.76035E-05  2.26033E-05
  2.90232E-05  3.72665E-05  4.78512E-05  6.14421E-05  7.88932E-05  1.01301E-04
  1.30073E-04  1.67017E-04  2.14454E-04  2.75364E-04  3.53575E-04  4.53999E-04
  5.82947E-04  7.48518E-04  9.61117E-04  1.23410E-03  1.58461E-03  2.03468E-03
  2.24867E-03  2.48517E-03  2.61259E-03  2.74654E-03  3.03539E-03  3.35463E-03
  3.70744E-03  4.30742E-03  5.53084E-03  7.10174E-03  9.11882E-03  1.05946E-02
  1.17088E-02  1.50344E-02  1.93045E-02  2.18749E-02  2.35786E-02  2.41755E-02
  2.47875E-02  2.60584E-02  2.70001E-02  2.85011E-02  3.18278E-02  3.43067E-02
  4.08677E-02  4.63092E-02  5.24752E-02  5.65622E-02  6.73795E-02  7.20245E-02
  7.94987E-02  8.25034E-02  8.65170E-02  9.80365E-02  1.11090E-01  1.16786E-01
  1.22773E-01  1.29068E-01  1.35686E-01  1.42642E-01  1.49956E-01  1.57644E-01
  1.65727E-01  1.74224E-01  1.83156E-01  1.92547E-01  2.02419E-01  2.12797E-01
  2.23708E-01  2.35177E-01  2.47235E-01  2.73237E-01  2.87246E-01  2.94518E-01
  2.97211E-01  2.98491E-01  3.01974E-01  3.33733E-01  3.68832E-01  3.87742E-01
  4.07622E-01  4.50492E-01  4.97871E-01  5.23397E-01  5.50232E-01  5.78443E-01
  6.08101E-01  6.39279E-01  6.72055E-01  7.06512E-01  7.42736E-01  7.80817E-01
  8.20850E-01  8.62936E-01  9.07180E-01  9.61672E-01  1.00259E+00  1.10803E+00
  1.16484E+00  1.22456E+00  1.28735E+00  1.35335E+00  1.42274E+00  1.49569E+00
  1.57237E+00  1.65299E+00  1.73774E+00  1.82684E+00  1.92050E+00  2.01897E+00
  2.12248E+00  2.23130E+00  2.30693E+00  2.34570E+00  2.36533E+00  2.38513E+00
  2.46597E+00  2.59240E+00  2.72532E+00  2.86505E+00  3.01194E+00  3.16637E+00
  3.32871E+00  3.67879E+00  4.06570E+00  4.49329E+00  4.72367E+00  4.96585E+00
  5.22046E+00  5.48812E+00  5.76950E+00  6.06531E+00  6.37628E+00  6.59241E+00
  6.70320E+00  7.04688E+00  7.40818E+00  7.78801E+00  8.18731E+00  8.60708E+00
  9.04837E+00  9.51229E+00  1.00000E+01  1.05127E+01  1.10517E+01  1.16183E+01
  1.22140E+01  1.25232E+01  1.28403E+01  1.34986E+01  1.38403E+01  1.41907E+01
  1.45499E+01  1.49182E+01  1.56831E+01  1.64872E+01  1.69046E+01  1.73325E+01
  1.96403E+01
t        0
vals
  0.00000E+00 0.0000  1.53075E-09 1.0000  5.93115E-10 0.9612  0.00000E+00 0.0000
  0.00000E+00 0.0000  0.00000E+00 0.0000  5.11735E-10 1.0000  2.45355E-09 0.5651
  8.30180E-10 0.7391  7.31409E-10 0.7828  2.06938E-09 0.5263  5.48723E-09 0.3854
  4.30755E-09 0.4178  6.46382E-09 0.3672  6.62298E-09 0.3214  6.54609E-09 0.3114
  1.02006E-08 0.2846  1.24851E-08 0.2207  2.13559E-08 0.1793  2.43353E-08 0.1757
  2.87676E-08 0.1530  3.13775E-08 0.1457  4.87857E-08 0.1164  6.94549E-08 0.1042
  9.60518E-08 0.0885  1.03777E-07 0.0819  1.36018E-07 0.0688  1.61762E-07 0.0642
  2.01067E-07 0.0580  2.49480E-07 0.0500  3.40820E-07 0.0438  3.96596E-07 0.0394
  4.56215E-07 0.0362  5.83764E-07 0.0310  7.20806E-07 0.0274  8.33859E-07 0.0245
  3.61339E-07 0.0310  3.76928E-07 0.0300  2.01696E-07 0.0367  2.23502E-07 0.0344
  4.34838E-07 0.0273  4.55765E-07 0.0260  4.83481E-07 0.0251  7.70655E-07 0.0206
  1.55366E-06 0.0151  1.83502E-06 0.0131  2.14238E-06 0.0113  1.38969E-06 0.0127
  9.38219E-07 0.0142  2.25724E-06 0.0092  1.92626E-06 0.0084  6.25069E-07 0.0107
  1.68573E-07 0.0138  1.54562E-08 0.0211  3.31473E-09 0.0183  8.39885E-07 0.0090
  4.09397E-06 0.0086  8.40488E-06 0.0082  1.23280E-05 0.0074  5.83876E-06 0.0082
  1.05258E-05 0.0060  6.54130E-06 0.0063  6.17748E-06 0.0061  3.47631E-06 0.0070
  6.99731E-06 0.0048  1.81078E-06 0.0063  6.83268E-06 0.0063  1.17214E-06 0.0089
  8.79773E-06 0.0066  1.44587E-05 0.0042  1.02916E-05 0.0040  3.62783E-06 0.0055
  3.03380E-06 0.0056  2.23658E-06 0.0066  5.04075E-06 0.0058  7.74221E-06 0.0063
  1.01250E-05 0.0050  6.57539E-06 0.0048  5.10202E-06 0.0044  6.87771E-06 0.0056
  5.21602E-06 0.0043  1.31150E-05 0.0047  1.32130E-05 0.0040  9.53345E-06 0.0038
  8.69825E-06 0.0046  1.02604E-05 0.0038  8.16223E-06 0.0040  1.36851E-05 0.0028
  1.45702E-05 0.0039  4.93613E-06 0.0049  1.34190E-06 0.0071  5.81333E-07 0.0100
  1.50296E-06 0.0067  2.44635E-05 0.0029  2.96573E-05 0.0025  2.02809E-05 0.0030
  3.40182E-05 0.0026  5.77989E-05 0.0020  4.81312E-05 0.0019  2.68862E-05 0.0024
  2.28280E-05 0.0024  2.34122E-05 0.0025  1.72670E-05 0.0024  1.65097E-05 0.0024
  2.07443E-05 0.0025  3.29213E-05 0.0021  4.09050E-05 0.0020  5.03964E-05 0.0019
  4.87310E-05 0.0019  3.39787E-05 0.0020  3.54977E-05 0.0018  2.98068E-05 0.0017
  3.67362E-05 0.0019  8.51987E-05 0.0012  4.17031E-05 0.0017  4.28100E-05 0.0016
  6.00561E-05 0.0015  5.77428E-05 0.0015  4.96772E-05 0.0015  6.26978E-05 0.0015
  6.76568E-05 0.0014  6.26440E-05 0.0014  6.46437E-05 0.0014  6.45858E-05 0.0013
  6.83912E-05 0.0013  7.94888E-05 0.0013  8.39275E-05 0.0013  8.07890E-05 0.0013
  4.99829E-05 0.0015  2.97386E-05 0.0021  1.17647E-05 0.0029  1.36537E-05 0.0029
  6.34588E-05 0.0015  1.02789E-04 0.0012  9.24453E-05 0.0012  9.45999E-05 0.0012
  9.33858E-05 0.0012  1.00705E-04 0.0012  9.77586E-05 0.0012  2.01517E-04 0.0008
  2.20386E-04 0.0008  2.34598E-04 0.0008  1.24126E-04 0.0011  1.25743E-04 0.0011
  1.28303E-04 0.0011  1.32581E-04 0.0011  1.35816E-04 0.0011  1.39732E-04 0.0010
  1.42815E-04 0.0010  9.91085E-05 0.0012  5.00122E-05 0.0017  1.52257E-04 0.0010
  1.57089E-04 0.0010  1.60637E-04 0.0009  1.64138E-04 0.0009  1.68324E-04 0.0009
  1.69860E-04 0.0009  1.75676E-04 0.0009  1.79637E-04 0.0008  1.83641E-04 0.0008
  1.87633E-04 0.0008  1.91013E-04 0.0008  1.93293E-04 0.0008  9.75998E-05 0.0011
  9.88310E-05 0.0011  2.01944E-04 0.0007  1.02763E-04 0.0010  1.03746E-04 0.0010
  1.04754E-04 0.0010  1.05334E-04 0.0010  2.13792E-04 0.0007  2.18137E-04 0.0007
  1.11020E-04 0.0009  1.12658E-04 0.0009  5.91618E-04 0.0004  8.53789E-03 0.0001
tfc   14       1       1       1       1       1       1     176       1
    4096000  8.53776E-03  2.47602E-04  2.81053E+07
    8192000  8.53847E-03  1.75292E-04  2.80473E+07
   12288000  8.53857E-03  1.43117E-04  2.80550E+07
   16384000  8.53801E-03  1.23880E-04  2.80845E+07
   20480000  8.53729E-03  1.10757E-04  2.81054E+07
   24576000  8.53755E-03  1.01139E-04  2.80864E+07
   28672000  8.53716E-03  0.00000E+00  1.00000E+30
   32768000  8.53738E-03  0.00000E+00  1.00000E+30
   36864000  8.53772E-03  0.00000E+00  1.00000E+30
   40960000  8.53775E-03  0.00000E+00  1.00000E+30
   45056000  8.53778E-03  0.00000E+00  1.00000E+30
   49152000  8.53781E-03  0.00000E+00  1.00000E+30
   53248000  8.53773E-03  0.00000E+00  1.00000E+30
   56909578  8.53789E-03  0.00000E+00  1.00000E+30
