mcnp       5     05/08/13 18:22:31     2    56921041      549974674
 Run-script for NE506 project - Matthew Klebenow                                
ntal     2
    4   14
tally    4    1    0
     Tally of the flux reported in VITAMIN-J 175Gp structure                    
f        1
      1
d        1
u        0
s        0
m        0
c        0
et     176
  1.00001E-07  4.13994E-07  5.31579E-07  6.82560E-07  8.76425E-07  1.12300E-06
  1.44000E-06  1.85539E-06  2.38237E-06  3.05902E-06  3.92786E-06  5.04348E-06
  6.47595E-06  8.31529E-06  1.06770E-05  1.37096E-05  1.76035E-05  2.26033E-05
  2.90232E-05  3.72665E-05  4.78512E-05  6.14421E-05  7.88932E-05  1.01301E-04
  1.30073E-04  1.67017E-04  2.14454E-04  2.75364E-04  3.53575E-04  4.53999E-04
  5.82947E-04  7.48518E-04  9.61117E-04  1.23410E-03  1.58461E-03  2.03468E-03
  2.24867E-03  2.48517E-03  2.61259E-03  2.74654E-03  3.03539E-03  3.35463E-03
  3.70744E-03  4.30742E-03  5.53084E-03  7.10174E-03  9.11882E-03  1.05946E-02
  1.17088E-02  1.50344E-02  1.93045E-02  2.18749E-02  2.35786E-02  2.41755E-02
  2.47875E-02  2.60584E-02  2.70001E-02  2.85011E-02  3.18278E-02  3.43067E-02
  4.08677E-02  4.63092E-02  5.24752E-02  5.65622E-02  6.73795E-02  7.20245E-02
  7.94987E-02  8.25034E-02  8.65170E-02  9.80365E-02  1.11090E-01  1.16786E-01
  1.22773E-01  1.29068E-01  1.35686E-01  1.42642E-01  1.49956E-01  1.57644E-01
  1.65727E-01  1.74224E-01  1.83156E-01  1.92547E-01  2.02419E-01  2.12797E-01
  2.23708E-01  2.35177E-01  2.47235E-01  2.73237E-01  2.87246E-01  2.94518E-01
  2.97211E-01  2.98491E-01  3.01974E-01  3.33733E-01  3.68832E-01  3.87742E-01
  4.07622E-01  4.50492E-01  4.97871E-01  5.23397E-01  5.50232E-01  5.78443E-01
  6.08101E-01  6.39279E-01  6.72055E-01  7.06512E-01  7.42736E-01  7.80817E-01
  8.20850E-01  8.62936E-01  9.07180E-01  9.61672E-01  1.00259E+00  1.10803E+00
  1.16484E+00  1.22456E+00  1.28735E+00  1.35335E+00  1.42274E+00  1.49569E+00
  1.57237E+00  1.65299E+00  1.73774E+00  1.82684E+00  1.92050E+00  2.01897E+00
  2.12248E+00  2.23130E+00  2.30693E+00  2.34570E+00  2.36533E+00  2.38513E+00
  2.46597E+00  2.59240E+00  2.72532E+00  2.86505E+00  3.01194E+00  3.16637E+00
  3.32871E+00  3.67879E+00  4.06570E+00  4.49329E+00  4.72367E+00  4.96585E+00
  5.22046E+00  5.48812E+00  5.76950E+00  6.06531E+00  6.37628E+00  6.59241E+00
  6.70320E+00  7.04688E+00  7.40818E+00  7.78801E+00  8.18731E+00  8.60708E+00
  9.04837E+00  9.51229E+00  1.00000E+01  1.05127E+01  1.10517E+01  1.16183E+01
  1.22140E+01  1.25232E+01  1.28403E+01  1.34986E+01  1.38403E+01  1.41907E+01
  1.45499E+01  1.49182E+01  1.56831E+01  1.64872E+01  1.69046E+01  1.73325E+01
  1.96403E+01
t        0
vals
  0.00000E+00 0.0000  1.17870E-10 1.0000  4.68327E-11 0.9612  0.00000E+00 0.0000
  0.00000E+00 0.0000  0.00000E+00 0.0000  4.12616E-11 1.0000  1.98430E-10 0.5652
  6.73825E-11 0.7390  5.95526E-11 0.7828  1.68812E-10 0.5263  4.48637E-10 0.3854
  3.53000E-10 0.4177  5.30886E-10 0.3672  5.45213E-10 0.3213  5.40047E-10 0.3114
  8.43383E-10 0.2846  1.03514E-09 0.2207  1.77511E-09 0.1793  2.02899E-09 0.1757
  2.40792E-09 0.1530  2.63875E-09 0.1457  4.12599E-09 0.1164  5.91327E-09 0.1042
  8.24709E-09 0.0885  9.00578E-09 0.0819  1.19606E-08 0.0687  1.44559E-08 0.0643
  1.83316E-08 0.0580  2.33188E-08 0.0500  3.28168E-08 0.0438  3.95922E-08 0.0394
  4.75268E-08 0.0362  6.25408E-08 0.0311  8.36165E-08 0.0274  1.03266E-07 0.0245
  4.69294E-08 0.0310  5.04422E-08 0.0300  2.76119E-08 0.0367  3.10738E-08 0.0344
  6.19682E-08 0.0273  6.71313E-08 0.0260  7.36803E-08 0.0251  1.22811E-07 0.0206
  2.66892E-07 0.0151  3.48764E-07 0.0130  4.55650E-07 0.0113  3.27720E-07 0.0126
  2.38894E-07 0.0142  6.57580E-07 0.0092  7.66363E-07 0.0083  4.26767E-07 0.0105
  2.74160E-07 0.0127  1.19539E-07 0.0194  2.07064E-07 0.0150  8.60760E-07 0.0072
  4.77885E-07 0.0083  1.37917E-07 0.0087  5.28006E-07 0.0076  5.51905E-07 0.0082
  1.51862E-06 0.0060  1.25488E-06 0.0063  1.38645E-06 0.0060  9.17344E-07 0.0070
  2.32097E-06 0.0047  1.20510E-06 0.0060  1.80976E-06 0.0052  1.35451E-06 0.0056
  7.75844E-07 0.0066  2.76187E-06 0.0042  3.11803E-06 0.0039  1.42652E-06 0.0055
  1.45162E-06 0.0054  1.82530E-06 0.0049  2.06442E-06 0.0045  2.22468E-06 0.0044
  1.50254E-06 0.0049  1.82362E-06 0.0047  2.30931E-06 0.0043  2.14843E-06 0.0045
  3.27126E-06 0.0036  2.90520E-06 0.0038  2.45874E-06 0.0040  3.00490E-06 0.0037
  3.24066E-06 0.0036  2.94400E-06 0.0037  3.47865E-06 0.0035  8.19429E-06 0.0023
  3.61219E-06 0.0034  1.87678E-06 0.0046  8.17786E-07 0.0071  4.14453E-07 0.0100
  1.16598E-06 0.0060  9.86261E-06 0.0022  1.22666E-05 0.0020  7.56277E-06 0.0024
  6.26247E-06 0.0025  1.33341E-05 0.0018  1.58365E-05 0.0017  8.17047E-06 0.0023
  8.84643E-06 0.0022  8.87626E-06 0.0022  9.70693E-06 0.0021  1.16763E-05 0.0019
  1.26310E-05 0.0018  1.27577E-05 0.0018  1.33871E-05 0.0018  1.30779E-05 0.0018
  1.31856E-05 0.0018  1.36357E-05 0.0018  1.40785E-05 0.0017  1.85938E-05 0.0015
  1.33037E-05 0.0018  3.38366E-05 0.0011  1.86776E-05 0.0015  2.04142E-05 0.0014
  1.90884E-05 0.0015  2.03945E-05 0.0014  2.03987E-05 0.0014  2.08635E-05 0.0014
  2.20975E-05 0.0014  2.26190E-05 0.0014  2.37757E-05 0.0013  2.43344E-05 0.0013
  2.40266E-05 0.0013  2.43646E-05 0.0013  2.52410E-05 0.0013  2.60289E-05 0.0013
  1.78765E-05 0.0015  8.79362E-06 0.0021  4.68037E-06 0.0029  4.66605E-06 0.0029
  1.83682E-05 0.0015  2.73176E-05 0.0012  2.82044E-05 0.0012  2.81258E-05 0.0012
  2.86155E-05 0.0012  2.85968E-05 0.0012  2.89192E-05 0.0012  5.92554E-05 0.0008
  6.14162E-05 0.0008  6.40567E-05 0.0008  3.31893E-05 0.0011  3.38789E-05 0.0011
  3.49046E-05 0.0011  3.58656E-05 0.0011  3.69659E-05 0.0011  3.80607E-05 0.0010
  3.94402E-05 0.0010  2.70233E-05 0.0012  1.37281E-05 0.0017  4.23860E-05 0.0010
  4.40438E-05 0.0010  4.58395E-05 0.0009  4.77623E-05 0.0009  4.97739E-05 0.0009
  5.21247E-05 0.0009  5.43478E-05 0.0009  5.68633E-05 0.0008  5.95035E-05 0.0008
  6.22849E-05 0.0008  6.51274E-05 0.0008  6.81528E-05 0.0008  3.53405E-05 0.0011
  3.62588E-05 0.0011  7.52748E-05 0.0007  3.90289E-05 0.0010  3.99441E-05 0.0010
  4.09934E-05 0.0010  4.18192E-05 0.0010  8.66069E-05 0.0007  9.08772E-05 0.0007
  4.72442E-05 0.0009  4.85242E-05 0.0009  2.59526E-04 0.0004  2.85500E-03 0.0001
tfc   14       1       1       1       1       1       1     176       1
    4096000  2.85506E-03  1.88335E-04  4.87002E+07
    8192000  2.85519E-03  1.33231E-04  4.86776E+07
   12288000  2.85517E-03  1.08768E-04  4.86990E+07
   16384000  2.85496E-03  0.00000E+00  1.00000E+30
   20480000  2.85485E-03  0.00000E+00  1.00000E+30
   24576000  2.85494E-03  0.00000E+00  1.00000E+30
   28672000  2.85483E-03  0.00000E+00  1.00000E+30
   32768000  2.85492E-03  0.00000E+00  1.00000E+30
   36864000  2.85500E-03  0.00000E+00  1.00000E+30
   40960000  2.85499E-03  0.00000E+00  1.00000E+30
   45056000  2.85500E-03  0.00000E+00  1.00000E+30
   49152000  2.85497E-03  0.00000E+00  1.00000E+30
   53248000  2.85495E-03  0.00000E+00  1.00000E+30
   56921041  2.85500E-03  0.00000E+00  1.00000E+30
tally   14    1    0
     Tally of the total xs reaction                                             
f        1
      1
d        1
u        0
s        0
m        1
c        0
et     176
  1.00001E-07  4.13994E-07  5.31579E-07  6.82560E-07  8.76425E-07  1.12300E-06
  1.44000E-06  1.85539E-06  2.38237E-06  3.05902E-06  3.92786E-06  5.04348E-06
  6.47595E-06  8.31529E-06  1.06770E-05  1.37096E-05  1.76035E-05  2.26033E-05
  2.90232E-05  3.72665E-05  4.78512E-05  6.14421E-05  7.88932E-05  1.01301E-04
  1.30073E-04  1.67017E-04  2.14454E-04  2.75364E-04  3.53575E-04  4.53999E-04
  5.82947E-04  7.48518E-04  9.61117E-04  1.23410E-03  1.58461E-03  2.03468E-03
  2.24867E-03  2.48517E-03  2.61259E-03  2.74654E-03  3.03539E-03  3.35463E-03
  3.70744E-03  4.30742E-03  5.53084E-03  7.10174E-03  9.11882E-03  1.05946E-02
  1.17088E-02  1.50344E-02  1.93045E-02  2.18749E-02  2.35786E-02  2.41755E-02
  2.47875E-02  2.60584E-02  2.70001E-02  2.85011E-02  3.18278E-02  3.43067E-02
  4.08677E-02  4.63092E-02  5.24752E-02  5.65622E-02  6.73795E-02  7.20245E-02
  7.94987E-02  8.25034E-02  8.65170E-02  9.80365E-02  1.11090E-01  1.16786E-01
  1.22773E-01  1.29068E-01  1.35686E-01  1.42642E-01  1.49956E-01  1.57644E-01
  1.65727E-01  1.74224E-01  1.83156E-01  1.92547E-01  2.02419E-01  2.12797E-01
  2.23708E-01  2.35177E-01  2.47235E-01  2.73237E-01  2.87246E-01  2.94518E-01
  2.97211E-01  2.98491E-01  3.01974E-01  3.33733E-01  3.68832E-01  3.87742E-01
  4.07622E-01  4.50492E-01  4.97871E-01  5.23397E-01  5.50232E-01  5.78443E-01
  6.08101E-01  6.39279E-01  6.72055E-01  7.06512E-01  7.42736E-01  7.80817E-01
  8.20850E-01  8.62936E-01  9.07180E-01  9.61672E-01  1.00259E+00  1.10803E+00
  1.16484E+00  1.22456E+00  1.28735E+00  1.35335E+00  1.42274E+00  1.49569E+00
  1.57237E+00  1.65299E+00  1.73774E+00  1.82684E+00  1.92050E+00  2.01897E+00
  2.12248E+00  2.23130E+00  2.30693E+00  2.34570E+00  2.36533E+00  2.38513E+00
  2.46597E+00  2.59240E+00  2.72532E+00  2.86505E+00  3.01194E+00  3.16637E+00
  3.32871E+00  3.67879E+00  4.06570E+00  4.49329E+00  4.72367E+00  4.96585E+00
  5.22046E+00  5.48812E+00  5.76950E+00  6.06531E+00  6.37628E+00  6.59241E+00
  6.70320E+00  7.04688E+00  7.40818E+00  7.78801E+00  8.18731E+00  8.60708E+00
  9.04837E+00  9.51229E+00  1.00000E+01  1.05127E+01  1.10517E+01  1.16183E+01
  1.22140E+01  1.25232E+01  1.28403E+01  1.34986E+01  1.38403E+01  1.41907E+01
  1.45499E+01  1.49182E+01  1.56831E+01  1.64872E+01  1.69046E+01  1.73325E+01
  1.96403E+01
t        0
vals
  0.00000E+00 0.0000  6.12179E-30 1.0000  2.37198E-30 0.9612  0.00000E+00 0.0000
  0.00000E+00 0.0000  0.00000E+00 0.0000  2.04653E-30 1.0000  9.81221E-30 0.5651
  3.32005E-30 0.7391  2.92505E-30 0.7828  8.27584E-30 0.5263  2.19445E-29 0.3854
  1.72267E-29 0.4178  2.58501E-29 0.3672  2.64866E-29 0.3214  2.61791E-29 0.3114
  4.07943E-29 0.2846  4.99305E-29 0.2207  8.54063E-29 0.1793  9.73216E-29 0.1757
  1.15047E-28 0.1530  1.25485E-28 0.1457  1.95104E-28 0.1164  2.77764E-28 0.1042
  3.84130E-28 0.0885  4.15023E-28 0.0819  5.43961E-28 0.0688  6.46919E-28 0.0642
  8.04107E-28 0.0580  9.97718E-28 0.0500  1.36301E-27 0.0438  1.58606E-27 0.0394
  1.82449E-27 0.0362  2.33459E-27 0.0310  2.88264E-27 0.0274  3.33666E-27 0.0245
  1.44506E-27 0.0310  1.50873E-27 0.0300  8.06622E-28 0.0367  8.93828E-28 0.0344
  1.73900E-27 0.0273  1.82269E-27 0.0260  1.93354E-27 0.0251  3.08310E-27 0.0206
  6.21499E-27 0.0151  7.33861E-27 0.0131  8.56780E-27 0.0113  5.55766E-27 0.0127
  3.75390E-27 0.0142  9.02920E-27 0.0092  7.70535E-27 0.0084  2.50020E-27 0.0107
  6.74154E-28 0.0138  6.18734E-29 0.0211  1.32643E-29 0.0183  3.35979E-27 0.0090
  1.63746E-26 0.0086  3.36236E-26 0.0082  4.93141E-26 0.0074  2.33570E-26 0.0082
  4.20997E-26 0.0060  2.61618E-26 0.0063  2.47089E-26 0.0061  1.39042E-26 0.0070
  2.79858E-26 0.0048  7.24282E-27 0.0063  2.73320E-26 0.0063  4.68860E-27 0.0089
  3.51906E-26 0.0066  5.78355E-26 0.0042  4.11668E-26 0.0040  1.45107E-26 0.0055
  1.21347E-26 0.0056  8.94542E-27 0.0066  2.01632E-26 0.0058  3.09699E-26 0.0063
  4.05012E-26 0.0050  2.63002E-26 0.0048  2.04071E-26 0.0044  2.75120E-26 0.0056
  2.08653E-26 0.0043  5.24591E-26 0.0047  5.28510E-26 0.0040  3.81334E-26 0.0038
  3.47950E-26 0.0046  4.10391E-26 0.0038  3.26483E-26 0.0040  5.47409E-26 0.0028
  5.82805E-26 0.0039  1.97422E-26 0.0049  5.36708E-27 0.0071  2.32561E-27 0.0100
  6.01132E-27 0.0067  9.78628E-26 0.0029  1.18626E-25 0.0025  8.11271E-26 0.0030
  1.36074E-25 0.0026  2.31202E-25 0.0020  1.92532E-25 0.0019  1.07547E-25 0.0024
  9.13152E-26 0.0024  9.36481E-26 0.0025  6.90672E-26 0.0024  6.60380E-26 0.0024
  8.29769E-26 0.0025  1.31686E-25 0.0021  1.63620E-25 0.0020  2.01583E-25 0.0019
  1.94934E-25 0.0019  1.35917E-25 0.0020  1.41997E-25 0.0018  1.19229E-25 0.0017
  1.46943E-25 0.0019  3.40806E-25 0.0012  1.66808E-25 0.0017  1.71243E-25 0.0016
  2.40218E-25 0.0015  2.30965E-25 0.0015  1.98711E-25 0.0015  2.50793E-25 0.0015
  2.70633E-25 0.0014  2.50573E-25 0.0014  2.58574E-25 0.0014  2.58336E-25 0.0013
  2.73555E-25 0.0013  3.17951E-25 0.0013  3.35709E-25 0.0013  3.23157E-25 0.0013
  1.99936E-25 0.0015  1.18952E-25 0.0021  4.70598E-26 0.0029  5.46151E-26 0.0029
  2.53839E-25 0.0015  4.11158E-25 0.0012  3.69784E-25 0.0012  3.78403E-25 0.0012
  3.73549E-25 0.0012  4.02826E-25 0.0012  3.91032E-25 0.0012  8.06065E-25 0.0008
  8.81551E-25 0.0008  9.38401E-25 0.0008  4.96490E-25 0.0011  5.02970E-25 0.0011
  5.13203E-25 0.0011  5.30332E-25 0.0011  5.43276E-25 0.0011  5.58944E-25 0.0010
  5.71255E-25 0.0010  3.96425E-25 0.0012  2.00051E-25 0.0017  6.09027E-25 0.0010
  6.28358E-25 0.0010  6.42550E-25 0.0009  6.56562E-25 0.0009  6.73308E-25 0.0009
  6.79440E-25 0.0009  7.02695E-25 0.0009  7.18542E-25 0.0008  7.34566E-25 0.0008
  7.50528E-25 0.0008  7.64038E-25 0.0008  7.73164E-25 0.0008  3.90405E-25 0.0011
  3.95327E-25 0.0011  8.07787E-25 0.0007  4.11043E-25 0.0010  4.14975E-25 0.0010
  4.19025E-25 0.0010  4.21337E-25 0.0010  8.55164E-25 0.0007  8.72556E-25 0.0007
  4.44075E-25 0.0009  4.50637E-25 0.0009  2.36647E-24 0.0004  3.41516E-23 0.0001
tfc   14       1       1       1       1       1       1     176       1
    4096000  3.41510E-23  2.47602E-04  2.81765E+07
    8192000  3.41539E-23  1.75292E-04  2.81200E+07
   12288000  3.41543E-23  1.43117E-04  2.81282E+07
   16384000  3.41520E-23  1.23880E-04  2.81508E+07
   20480000  3.41492E-23  1.10757E-04  2.81760E+07
   24576000  3.41502E-23  1.01139E-04  2.81522E+07
   28672000  3.41487E-23  0.00000E+00  1.00000E+30
   32768000  3.41495E-23  0.00000E+00  1.00000E+30
   36864000  3.41509E-23  0.00000E+00  1.00000E+30
   40960000  3.41510E-23  0.00000E+00  1.00000E+30
   45056000  3.41511E-23  0.00000E+00  1.00000E+30
   49152000  3.41512E-23  0.00000E+00  1.00000E+30
   53248000  3.41509E-23  0.00000E+00  1.00000E+30
   56921041  3.41516E-23  0.00000E+00  1.00000E+30
