mcnp       5     05/08/13 18:28:37     2    56789092      548702763
 Run-script for NE506 project - Matthew Klebenow                                
ntal     2
    4   14
tally    4    1    0
     Tally of the flux reported in VITAMIN-J 175Gp structure                    
f        1
      1
d        1
u        0
s        0
m        0
c        0
et     176
  1.00001E-07  4.13994E-07  5.31579E-07  6.82560E-07  8.76425E-07  1.12300E-06
  1.44000E-06  1.85539E-06  2.38237E-06  3.05902E-06  3.92786E-06  5.04348E-06
  6.47595E-06  8.31529E-06  1.06770E-05  1.37096E-05  1.76035E-05  2.26033E-05
  2.90232E-05  3.72665E-05  4.78512E-05  6.14421E-05  7.88932E-05  1.01301E-04
  1.30073E-04  1.67017E-04  2.14454E-04  2.75364E-04  3.53575E-04  4.53999E-04
  5.82947E-04  7.48518E-04  9.61117E-04  1.23410E-03  1.58461E-03  2.03468E-03
  2.24867E-03  2.48517E-03  2.61259E-03  2.74654E-03  3.03539E-03  3.35463E-03
  3.70744E-03  4.30742E-03  5.53084E-03  7.10174E-03  9.11882E-03  1.05946E-02
  1.17088E-02  1.50344E-02  1.93045E-02  2.18749E-02  2.35786E-02  2.41755E-02
  2.47875E-02  2.60584E-02  2.70001E-02  2.85011E-02  3.18278E-02  3.43067E-02
  4.08677E-02  4.63092E-02  5.24752E-02  5.65622E-02  6.73795E-02  7.20245E-02
  7.94987E-02  8.25034E-02  8.65170E-02  9.80365E-02  1.11090E-01  1.16786E-01
  1.22773E-01  1.29068E-01  1.35686E-01  1.42642E-01  1.49956E-01  1.57644E-01
  1.65727E-01  1.74224E-01  1.83156E-01  1.92547E-01  2.02419E-01  2.12797E-01
  2.23708E-01  2.35177E-01  2.47235E-01  2.73237E-01  2.87246E-01  2.94518E-01
  2.97211E-01  2.98491E-01  3.01974E-01  3.33733E-01  3.68832E-01  3.87742E-01
  4.07622E-01  4.50492E-01  4.97871E-01  5.23397E-01  5.50232E-01  5.78443E-01
  6.08101E-01  6.39279E-01  6.72055E-01  7.06512E-01  7.42736E-01  7.80817E-01
  8.20850E-01  8.62936E-01  9.07180E-01  9.61672E-01  1.00259E+00  1.10803E+00
  1.16484E+00  1.22456E+00  1.28735E+00  1.35335E+00  1.42274E+00  1.49569E+00
  1.57237E+00  1.65299E+00  1.73774E+00  1.82684E+00  1.92050E+00  2.01897E+00
  2.12248E+00  2.23130E+00  2.30693E+00  2.34570E+00  2.36533E+00  2.38513E+00
  2.46597E+00  2.59240E+00  2.72532E+00  2.86505E+00  3.01194E+00  3.16637E+00
  3.32871E+00  3.67879E+00  4.06570E+00  4.49329E+00  4.72367E+00  4.96585E+00
  5.22046E+00  5.48812E+00  5.76950E+00  6.06531E+00  6.37628E+00  6.59241E+00
  6.70320E+00  7.04688E+00  7.40818E+00  7.78801E+00  8.18731E+00  8.60708E+00
  9.04837E+00  9.51229E+00  1.00000E+01  1.05127E+01  1.10517E+01  1.16183E+01
  1.22140E+01  1.25232E+01  1.28403E+01  1.34986E+01  1.38403E+01  1.41907E+01
  1.45499E+01  1.49182E+01  1.56831E+01  1.64872E+01  1.69046E+01  1.73325E+01
  1.96403E+01
t        0
vals
  0.00000E+00 0.0000  4.72574E-07 1.0000  1.87766E-07 0.9612  0.00000E+00 0.0000
  0.00000E+00 0.0000  0.00000E+00 0.0000  1.65430E-07 1.0000  7.95565E-07 0.5652
  2.70156E-07 0.7390  2.38764E-07 0.7828  6.76816E-07 0.5263  1.79872E-06 0.3854
  1.41528E-06 0.4177  2.12848E-06 0.3672  2.18592E-06 0.3213  2.16521E-06 0.3114
  3.38137E-06 0.2846  4.15017E-06 0.2207  7.11693E-06 0.1793  8.13481E-06 0.1757
  9.65405E-06 0.1530  1.04034E-05 0.1472  1.65423E-05 0.1164  2.37081E-05 0.1042
  3.30650E-05 0.0885  3.61068E-05 0.0819  4.79537E-05 0.0687  5.79579E-05 0.0643
  7.34970E-05 0.0580  9.34919E-05 0.0500  1.31572E-04 0.0438  1.58737E-04 0.0394
  1.89771E-04 0.0363  2.50074E-04 0.0311  3.34028E-04 0.0274  4.12362E-04 0.0245
  1.87912E-04 0.0310  2.01993E-04 0.0300  1.10385E-04 0.0367  1.24412E-04 0.0344
  2.47784E-04 0.0273  2.68503E-04 0.0260  2.94403E-04 0.0251  4.90355E-04 0.0207
  1.06729E-03 0.0151  1.39529E-03 0.0131  1.82277E-03 0.0113  1.31104E-03 0.0127
  9.54556E-04 0.0142  2.63067E-03 0.0092  3.06616E-03 0.0083  1.70607E-03 0.0105
  1.09595E-03 0.0127  4.77838E-04 0.0194  8.28274E-04 0.0150  3.44422E-03 0.0072
  1.91243E-03 0.0083  5.51921E-04 0.0087  2.11123E-03 0.0076  2.20608E-03 0.0082
  6.07424E-03 0.0060  5.01853E-03 0.0063  5.54515E-03 0.0060  3.66974E-03 0.0070
  9.28526E-03 0.0047  4.82409E-03 0.0060  7.23749E-03 0.0052  5.41950E-03 0.0056
  3.10161E-03 0.0066  1.10455E-02 0.0042  1.24722E-02 0.0039  5.70602E-03 0.0055
  5.80824E-03 0.0054  7.30172E-03 0.0049  8.25820E-03 0.0045  8.89977E-03 0.0044
  6.00925E-03 0.0049  7.29650E-03 0.0047  9.23915E-03 0.0043  8.59175E-03 0.0045
  1.30874E-02 0.0036  1.16216E-02 0.0038  9.83821E-03 0.0040  1.20193E-02 0.0037
  1.29587E-02 0.0036  1.17752E-02 0.0037  1.39143E-02 0.0035  3.27773E-02 0.0024
  1.44484E-02 0.0034  7.50615E-03 0.0046  3.27222E-03 0.0071  1.65680E-03 0.0100
  4.66466E-03 0.0060  3.94432E-02 0.0022  4.90726E-02 0.0020  3.02514E-02 0.0024
  2.50480E-02 0.0025  5.33408E-02 0.0019  6.33527E-02 0.0017  3.26836E-02 0.0023
  3.53882E-02 0.0022  3.55081E-02 0.0022  3.88291E-02 0.0021  4.66981E-02 0.0019
  5.05292E-02 0.0018  5.10357E-02 0.0018  5.35545E-02 0.0018  5.23152E-02 0.0018
  5.27370E-02 0.0018  5.45415E-02 0.0018  5.63091E-02 0.0017  7.43699E-02 0.0015
  5.32068E-02 0.0018  1.35342E-01 0.0011  7.47075E-02 0.0015  8.16591E-02 0.0014
  7.63537E-02 0.0015  8.15736E-02 0.0014  8.15963E-02 0.0014  8.34553E-02 0.0014
  8.83851E-02 0.0014  9.04778E-02 0.0014  9.51074E-02 0.0013  9.73403E-02 0.0013
  9.61144E-02 0.0013  9.74581E-02 0.0013  1.00968E-01 0.0013  1.04126E-01 0.0013
  7.15138E-02 0.0015  3.51760E-02 0.0021  1.87207E-02 0.0029  1.86579E-02 0.0029
  7.34712E-02 0.0015  1.09271E-01 0.0012  1.12821E-01 0.0012  1.12506E-01 0.0012
  1.14452E-01 0.0012  1.14381E-01 0.0012  1.15674E-01 0.0012  2.37016E-01 0.0008
  2.45672E-01 0.0008  2.56219E-01 0.0008  1.32763E-01 0.0011  1.35516E-01 0.0011
  1.39613E-01 0.0011  1.43459E-01 0.0011  1.47835E-01 0.0011  1.52245E-01 0.0010
  1.57765E-01 0.0010  1.08109E-01 0.0012  5.49074E-02 0.0017  1.69540E-01 0.0010
  1.76185E-01 0.0010  1.83362E-01 0.0009  1.91033E-01 0.0009  1.99083E-01 0.0009
  2.08491E-01 0.0009  2.17398E-01 0.0009  2.27456E-01 0.0008  2.37997E-01 0.0008
  2.49157E-01 0.0008  2.60533E-01 0.0008  2.72598E-01 0.0008  1.41363E-01 0.0011
  1.45038E-01 0.0011  3.01098E-01 0.0007  1.56108E-01 0.0010  1.59776E-01 0.0010
  1.63974E-01 0.0010  1.67278E-01 0.0010  3.46439E-01 0.0007  3.63506E-01 0.0007
  1.88984E-01 0.0009  1.94103E-01 0.0009  1.03810E+00 0.0004  1.14200E+01 0.0001
tfc   14       1       1       1       1       1       1     176       1
    4096000  1.14202E+01  1.88335E-04  4.85381E+07
    8192000  1.14208E+01  1.33231E-04  4.85016E+07
   12288000  1.14207E+01  1.08768E-04  4.84904E+07
   16384000  1.14198E+01  0.00000E+00  1.00000E+30
   20480000  1.14194E+01  0.00000E+00  1.00000E+30
   24576000  1.14198E+01  0.00000E+00  1.00000E+30
   28672000  1.14193E+01  0.00000E+00  1.00000E+30
   32768000  1.14197E+01  0.00000E+00  1.00000E+30
   36864000  1.14200E+01  0.00000E+00  1.00000E+30
   40960000  1.14199E+01  0.00000E+00  1.00000E+30
   45056000  1.14200E+01  0.00000E+00  1.00000E+30
   49152000  1.14199E+01  0.00000E+00  1.00000E+30
   53248000  1.14198E+01  0.00000E+00  1.00000E+30
   56789092  1.14200E+01  0.00000E+00  1.00000E+30
tally   14    1    0
     Tally of the total xs reaction                                             
f        1
      1
d        1
u        0
s        0
m        1
c        0
et     176
  1.00001E-07  4.13994E-07  5.31579E-07  6.82560E-07  8.76425E-07  1.12300E-06
  1.44000E-06  1.85539E-06  2.38237E-06  3.05902E-06  3.92786E-06  5.04348E-06
  6.47595E-06  8.31529E-06  1.06770E-05  1.37096E-05  1.76035E-05  2.26033E-05
  2.90232E-05  3.72665E-05  4.78512E-05  6.14421E-05  7.88932E-05  1.01301E-04
  1.30073E-04  1.67017E-04  2.14454E-04  2.75364E-04  3.53575E-04  4.53999E-04
  5.82947E-04  7.48518E-04  9.61117E-04  1.23410E-03  1.58461E-03  2.03468E-03
  2.24867E-03  2.48517E-03  2.61259E-03  2.74654E-03  3.03539E-03  3.35463E-03
  3.70744E-03  4.30742E-03  5.53084E-03  7.10174E-03  9.11882E-03  1.05946E-02
  1.17088E-02  1.50344E-02  1.93045E-02  2.18749E-02  2.35786E-02  2.41755E-02
  2.47875E-02  2.60584E-02  2.70001E-02  2.85011E-02  3.18278E-02  3.43067E-02
  4.08677E-02  4.63092E-02  5.24752E-02  5.65622E-02  6.73795E-02  7.20245E-02
  7.94987E-02  8.25034E-02  8.65170E-02  9.80365E-02  1.11090E-01  1.16786E-01
  1.22773E-01  1.29068E-01  1.35686E-01  1.42642E-01  1.49956E-01  1.57644E-01
  1.65727E-01  1.74224E-01  1.83156E-01  1.92547E-01  2.02419E-01  2.12797E-01
  2.23708E-01  2.35177E-01  2.47235E-01  2.73237E-01  2.87246E-01  2.94518E-01
  2.97211E-01  2.98491E-01  3.01974E-01  3.33733E-01  3.68832E-01  3.87742E-01
  4.07622E-01  4.50492E-01  4.97871E-01  5.23397E-01  5.50232E-01  5.78443E-01
  6.08101E-01  6.39279E-01  6.72055E-01  7.06512E-01  7.42736E-01  7.80817E-01
  8.20850E-01  8.62936E-01  9.07180E-01  9.61672E-01  1.00259E+00  1.10803E+00
  1.16484E+00  1.22456E+00  1.28735E+00  1.35335E+00  1.42274E+00  1.49569E+00
  1.57237E+00  1.65299E+00  1.73774E+00  1.82684E+00  1.92050E+00  2.01897E+00
  2.12248E+00  2.23130E+00  2.30693E+00  2.34570E+00  2.36533E+00  2.38513E+00
  2.46597E+00  2.59240E+00  2.72532E+00  2.86505E+00  3.01194E+00  3.16637E+00
  3.32871E+00  3.67879E+00  4.06570E+00  4.49329E+00  4.72367E+00  4.96585E+00
  5.22046E+00  5.48812E+00  5.76950E+00  6.06531E+00  6.37628E+00  6.59241E+00
  6.70320E+00  7.04688E+00  7.40818E+00  7.78801E+00  8.18731E+00  8.60708E+00
  9.04837E+00  9.51229E+00  1.00000E+01  1.05127E+01  1.10517E+01  1.16183E+01
  1.22140E+01  1.25232E+01  1.28403E+01  1.34986E+01  1.38403E+01  1.41907E+01
  1.45499E+01  1.49182E+01  1.56831E+01  1.64872E+01  1.69046E+01  1.73325E+01
  1.96403E+01
t        0
vals
  0.00000E+00 0.0000  1.53400E-33 1.0000  5.94373E-34 0.9612  0.00000E+00 0.0000
  0.00000E+00 0.0000  0.00000E+00 0.0000  5.12821E-34 1.0000  2.45875E-33 0.5651
  8.31941E-34 0.7391  7.32961E-34 0.7828  2.07377E-33 0.5263  5.49887E-33 0.3854
  4.31669E-33 0.4178  6.47754E-33 0.3672  6.63703E-33 0.3214  6.55998E-33 0.3114
  1.02223E-32 0.2846  1.25116E-32 0.2207  2.14012E-32 0.1793  2.43869E-32 0.1757
  2.88287E-32 0.1530  3.09218E-32 0.1472  4.88892E-32 0.1164  6.96023E-32 0.1042
  9.62556E-32 0.0885  1.03997E-31 0.0819  1.36306E-31 0.0688  1.62106E-31 0.0642
  2.01494E-31 0.0580  2.50009E-31 0.0500  3.41543E-31 0.0438  3.97437E-31 0.0394
  4.55314E-31 0.0363  5.83462E-31 0.0310  7.19738E-31 0.0274  8.32726E-31 0.0245
  3.61638E-31 0.0310  3.77605E-31 0.0300  2.01542E-31 0.0367  2.23668E-31 0.0344
  4.34604E-31 0.0273  4.55637E-31 0.0260  4.82863E-31 0.0251  7.69402E-31 0.0207
  1.55339E-30 0.0151  1.83499E-30 0.0131  2.14216E-30 0.0114  1.38962E-30 0.0127
  9.37475E-31 0.0142  2.25759E-30 0.0092  1.92670E-30 0.0084  6.24679E-31 0.0107
  1.68416E-31 0.0139  1.54445E-32 0.0211  3.31736E-33 0.0183  8.40497E-31 0.0090
  4.09592E-30 0.0086  8.40847E-30 0.0082  1.23245E-29 0.0074  5.83530E-30 0.0082
  1.05247E-29 0.0060  6.53900E-30 0.0063  6.17675E-30 0.0061  3.47644E-30 0.0070
  6.99754E-30 0.0048  1.81216E-30 0.0063  6.83280E-30 0.0063  1.17260E-30 0.0089
  8.79266E-30 0.0066  1.44563E-29 0.0042  1.02918E-29 0.0040  3.62768E-30 0.0056
  3.03469E-30 0.0057  2.23685E-30 0.0066  5.03908E-30 0.0058  7.74122E-30 0.0064
  1.01231E-29 0.0050  6.57699E-30 0.0048  5.10275E-30 0.0044  6.87827E-30 0.0056
  5.21634E-30 0.0043  1.31146E-29 0.0047  1.32179E-29 0.0040  9.53313E-30 0.0038
  8.69558E-30 0.0046  1.02589E-29 0.0038  8.16176E-30 0.0040  1.36855E-29 0.0028
  1.45677E-29 0.0039  4.93491E-30 0.0049  1.34220E-30 0.0071  5.81052E-31 0.0100
  1.50281E-30 0.0067  2.44583E-29 0.0029  2.96632E-29 0.0025  2.02830E-29 0.0030
  3.40158E-29 0.0026  5.78049E-29 0.0020  4.81381E-29 0.0019  2.68887E-29 0.0024
  2.28310E-29 0.0024  2.34140E-29 0.0025  1.72681E-29 0.0024  1.65078E-29 0.0024
  2.07470E-29 0.0025  3.29242E-29 0.0021  4.09078E-29 0.0020  5.03969E-29 0.0019
  4.87298E-29 0.0019  3.39788E-29 0.0020  3.54966E-29 0.0019  2.98052E-29 0.0017
  3.67302E-29 0.0019  8.52019E-29 0.0012  4.17021E-29 0.0017  4.28122E-29 0.0016
  6.00544E-29 0.0015  5.77392E-29 0.0015  4.96805E-29 0.0015  6.27018E-29 0.0015
  6.76528E-29 0.0015  6.26425E-29 0.0014  6.46470E-29 0.0014  6.45859E-29 0.0014
  6.83948E-29 0.0014  7.94894E-29 0.0013  8.39287E-29 0.0013  8.07983E-29 0.0013
  4.99884E-29 0.0015  2.97391E-29 0.0021  1.17650E-29 0.0029  1.36490E-29 0.0029
  6.34577E-29 0.0015  1.02789E-28 0.0012  9.24485E-29 0.0012  9.46026E-29 0.0012
  9.33779E-29 0.0012  1.00702E-28 0.0012  9.77562E-29 0.0012  2.01511E-28 0.0008
  2.20393E-28 0.0008  2.34593E-28 0.0008  1.24128E-28 0.0011  1.25743E-28 0.0011
  1.28295E-28 0.0011  1.32580E-28 0.0011  1.35793E-28 0.0011  1.39738E-28 0.0010
  1.42818E-28 0.0010  9.91205E-29 0.0012  5.00083E-29 0.0017  1.52253E-28 0.0010
  1.57099E-28 0.0010  1.60641E-28 0.0009  1.64126E-28 0.0009  1.68316E-28 0.0009
  1.69853E-28 0.0009  1.75679E-28 0.0009  1.79637E-28 0.0008  1.83628E-28 0.0008
  1.87645E-28 0.0008  1.91026E-28 0.0008  1.93282E-28 0.0008  9.76017E-29 0.0011
  9.88339E-29 0.0011  2.01946E-28 0.0007  1.02756E-28 0.0010  1.03743E-28 0.0010
  1.04756E-28 0.0010  1.05335E-28 0.0010  2.13798E-28 0.0007  2.18138E-28 0.0007
  1.11023E-28 0.0009  1.12663E-28 0.0009  5.91615E-28 0.0004  8.53789E-27 0.0001
tfc   14       1       1       1       1       1       1     176       1
    4096000  8.53776E-27  2.47602E-04  2.80827E+07
    8192000  8.53847E-27  1.75292E-04  2.80183E+07
   12288000  8.53857E-27  1.43117E-04  2.80077E+07
   16384000  8.53801E-27  1.23880E-04  2.80402E+07
   20480000  8.53729E-27  1.10757E-04  2.80589E+07
   24576000  8.53755E-27  1.01139E-04  2.80418E+07
   28672000  8.53716E-27  0.00000E+00  1.00000E+30
   32768000  8.53738E-27  0.00000E+00  1.00000E+30
   36864000  8.53772E-27  0.00000E+00  1.00000E+30
   40960000  8.53775E-27  0.00000E+00  1.00000E+30
   45056000  8.53778E-27  0.00000E+00  1.00000E+30
   49152000  8.53781E-27  0.00000E+00  1.00000E+30
   53248000  8.53773E-27  0.00000E+00  1.00000E+30
   56789092  8.53789E-27  0.00000E+00  1.00000E+30
